0.058, 0.058
0.108, 0.05
0.174, 0.06599999
0.208, 0.03400001
0.258, 0.04999998
0.308, 0.05000001
0.358, 0.05000001
0.408, 0.04999998
0.458, 0.05000001
0.508, 0.05000001
0.558, 0.05000001
0.608, 0.04999995
0.658, 0.05000001
0.708, 0.05000001
0.758, 0.05000001
0.808, 0.05000001
0.88, 0.07199997
0.908, 0.028
0.958, 0.05000001
1.008, 0.05000001
1.058, 0.04999995
1.108, 0.05000007
1.158, 0.04999995
1.208, 0.04999995
1.259, 0.051
1.308, 0.04900002
1.358, 0.05000007
1.408, 0.04999995
1.459, 0.051
1.508, 0.04900002
1.566, 0.05799997
1.608, 0.04200006
1.658, 0.04999995
1.715, 0.05700004
1.758, 0.04299998
1.808, 0.04999995
1.858, 0.05000007
1.908, 0.04999995
1.958, 0.04999995
2.008, 0.04999995
2.058, 0.05000019
2.108, 0.04999995
2.158, 0.04999995
2.208, 0.04999995
2.258, 0.04999995
2.308, 0.05000019
2.358, 0.04999995
2.408, 0.04999995
2.458, 0.04999995
2.522, 0.06400013
2.558, 0.03600001
2.608, 0.04999995
2.658, 0.04999995
2.708, 0.04999995
2.758, 0.04999995
2.808, 0.05000019
2.858, 0.04999995
2.908, 0.04999995
2.958, 0.04999995
3.008, 0.04999995
3.058, 0.05000019
3.108, 0.04999995
3.158, 0.04999995
3.208, 0.04999995
3.258, 0.04999995
3.338, 0.08000016
3.358, 0.01999998
3.408, 0.04999995
3.458, 0.04999995
3.509, 0.05100012
3.558, 0.04900002
3.608, 0.04999995
3.658, 0.04999995
3.709, 0.05100012
3.758, 0.04899979
3.808, 0.05000019
3.858, 0.04999995
3.908, 0.04999995
3.958, 0.04999995
4.008, 0.04999995
4.058, 0.05000019
4.108, 0.04999971
4.167, 0.05900002
4.208, 0.04100037
4.258, 0.04999971
4.308, 0.05000019
4.358, 0.04999971
4.408, 0.05000019
4.458, 0.05000019
4.508, 0.04999971
4.558, 0.05000019
4.608, 0.04999971
4.658, 0.05000019
4.708, 0.05000019
4.758, 0.04999971
4.808, 0.05000019
4.858, 0.04999971
4.908, 0.05000019
4.98, 0.07200003
5.008, 0.02799988
5.058, 0.05000019
5.108, 0.04999971
5.158, 0.05000019
5.208, 0.05000019
5.258, 0.04999971
5.308, 0.05000019
5.358, 0.04999971
5.408, 0.05000019
5.458, 0.05000019
5.508, 0.04999971
5.559, 0.05100012
5.608, 0.04899979
5.658, 0.05000019
5.708, 0.05000019
5.791, 0.08299971
5.809, 0.01800013
5.858, 0.04899979
5.908, 0.05000019
5.959, 0.05100012
6.008, 0.04899979
6.058, 0.05000019
6.108, 0.04999971
6.158, 0.05000019
6.208, 0.05000019
6.258, 0.04999971
6.308, 0.05000019
6.358, 0.04999971
6.408, 0.05000019
6.458, 0.05000019
6.508, 0.04999971
6.565, 0.05700016
6.608, 0.04299974
6.658, 0.05000019
6.708, 0.05000019
6.758, 0.04999971
6.808, 0.05000019
6.858, 0.04999971
6.908, 0.05000019
6.958, 0.05000019
7.008, 0.04999971
7.058, 0.05000019
7.109, 0.05100012
7.158, 0.04899979
7.208, 0.05000019
7.258, 0.04999971
7.329, 0.0710001
7.358, 0.02899981
7.408, 0.05000019
7.458, 0.05000019
7.508, 0.04999971
7.558, 0.05000019
7.608, 0.04999971
7.658, 0.05000019
7.708, 0.05000019
7.758, 0.04999971
7.808, 0.05000019
7.858, 0.04999971
7.908, 0.05000019
7.958, 0.05000019
8.008, 0.05000019
8.058, 0.04999924
8.117, 0.05900002
8.158, 0.04100037
8.208, 0.05000019
8.258, 0.05000019
8.308, 0.04999924
8.358, 0.05000019
8.408, 0.05000019
8.459, 0.05099964
8.508, 0.04900074
8.558, 0.04999924
8.608, 0.05000019
8.658, 0.05000019
8.708, 0.05000019
8.758, 0.05000019
8.808, 0.04999924
8.879, 0.0710001
8.908, 0.02900028
8.958, 0.05000019
9.008, 0.05000019
9.058, 0.04999924
9.108, 0.05000019
9.158, 0.05000019
9.208, 0.05000019
9.258, 0.05000019
9.308, 0.04999924
9.358, 0.05000019
9.408, 0.05000019
9.458, 0.05000019
9.508, 0.05000019
9.558, 0.04999924
9.608, 0.05000019
9.662, 0.0539999
9.708, 0.04600048
9.758, 0.05000019
9.809, 0.05099964
9.858, 0.04899979
9.908, 0.05000019
9.958, 0.05000019
10.008, 0.05000019
10.058, 0.04999924
10.108, 0.05000019
10.158, 0.05000019
10.208, 0.05000019
10.258, 0.05000019
10.308, 0.04999924
10.358, 0.05000019
10.42, 0.06200027
10.458, 0.03800011
10.508, 0.05000019
10.558, 0.04999924
10.608, 0.05000019
10.658, 0.05000019
10.708, 0.05000019
10.759, 0.05099964
10.808, 0.04899979
10.858, 0.05000019
10.908, 0.05000019
10.958, 0.05000019
11.008, 0.05000019
11.058, 0.04999924
11.108, 0.05000019
11.173, 0.06500053
11.208, 0.03499985
11.258, 0.05000019
11.308, 0.04999924
11.358, 0.05000019
11.408, 0.05000019
11.473, 0.06499958
11.508, 0.0350008
11.558, 0.04999924
11.608, 0.05000019
11.658, 0.05000019
11.709, 0.05099964
11.758, 0.04900074
11.808, 0.04999924
11.858, 0.05000019
11.93, 0.0720005
11.958, 0.02799988
12.008, 0.05000019
12.058, 0.04999924
12.108, 0.05000019
12.158, 0.05000019
12.208, 0.05000019
12.258, 0.05000019
12.308, 0.04999924
12.358, 0.05000019
12.408, 0.05000019
12.458, 0.05000019
12.508, 0.05000019
12.558, 0.04999924
12.608, 0.05000019
12.68, 0.0720005
12.708, 0.02799988
12.758, 0.05000019
12.808, 0.04999924
12.858, 0.05000019
12.908, 0.05000019
12.958, 0.05000019
13.008, 0.05000019
13.058, 0.04999924
13.108, 0.05000019
13.158, 0.05000019
13.208, 0.05000019
13.258, 0.05000019
13.308, 0.04999924
13.358, 0.05000019
13.408, 0.05000019
13.478, 0.06999969
13.508, 0.03000069
13.558, 0.04999924
13.608, 0.05000019
13.658, 0.05000019
13.708, 0.05000019
13.758, 0.05000019
13.808, 0.04999924
13.858, 0.05000019
13.908, 0.05000019
13.958, 0.05000019
14.008, 0.05000019
14.058, 0.04999924
14.108, 0.05000019
14.158, 0.05000019
14.208, 0.05000019
14.279, 0.0710001
14.308, 0.02899933
14.358, 0.05000019
14.408, 0.05000019
14.458, 0.05000019
14.508, 0.05000019
14.558, 0.04999924
14.608, 0.05000019
14.658, 0.05000019
14.708, 0.05000019
14.758, 0.05000019
14.808, 0.04999924
14.858, 0.05000019
14.908, 0.05000019
14.958, 0.05000019
15.008, 0.05000019
15.085, 0.07699966
15.108, 0.02299976
15.158, 0.05000019
15.208, 0.05000019
15.259, 0.05099964
15.308, 0.04899979
15.358, 0.05000019
15.408, 0.05000019
15.459, 0.05099964
15.508, 0.04900074
15.558, 0.04999924
15.608, 0.05000019
15.659, 0.0510006
15.708, 0.04899979
15.758, 0.05000019
15.808, 0.04999924
15.887, 0.07900047
15.908, 0.02099991
15.958, 0.05000019
16.008, 0.04999924
16.058, 0.05000114
16.108, 0.04999924
16.158, 0.05000114
16.208, 0.04999924
16.258, 0.04999924
16.308, 0.05000114
16.358, 0.04999924
16.408, 0.05000114
16.459, 0.05099869
16.508, 0.04899979
16.558, 0.05000114
16.608, 0.04999924
16.69, 0.08200073
16.708, 0.01799965
16.758, 0.04999924
16.808, 0.05000114
16.859, 0.05099869
16.908, 0.04900169
16.958, 0.04999924
17.008, 0.04999924
17.059, 0.0510006
17.108, 0.04899979
17.158, 0.05000114
17.208, 0.04999924
17.259, 0.0510006
17.308, 0.04899979
17.358, 0.04999924
17.408, 0.05000114
17.491, 0.08299828
17.51, 0.01900101
17.558, 0.04800034
17.608, 0.04999924
17.659, 0.0510006
17.708, 0.04899979
17.758, 0.04999924
17.808, 0.05000114
17.859, 0.05099869
17.908, 0.04900169
17.958, 0.04999924
18.008, 0.04999924
18.059, 0.0510006
18.108, 0.04899979
18.158, 0.05000114
18.208, 0.04999924
18.286, 0.07799911
18.308, 0.02200127
18.358, 0.04999924
18.408, 0.05000114
18.459, 0.05099869
18.508, 0.04899979
18.558, 0.05000114
18.608, 0.04999924
18.658, 0.05000114
18.708, 0.04999924
18.758, 0.04999924
18.808, 0.05000114
18.858, 0.04999924
18.908, 0.05000114
18.958, 0.04999924
19.008, 0.04999924
19.065, 0.05700111
19.108, 0.04299927
19.158, 0.05000114
19.209, 0.05099869
19.258, 0.04899979
19.308, 0.05000114
19.358, 0.04999924
19.408, 0.05000114
19.458, 0.04999924
19.508, 0.04999924
19.558, 0.05000114
19.608, 0.04999924
19.658, 0.05000114
19.708, 0.04999924
19.758, 0.04999924
19.817, 0.05900002
19.858, 0.04100037
19.908, 0.05000114
19.958, 0.04999924
