0.019, 0.019, 0.0, 0.009499833, 0
0.029, 0.01, 0.0, 0.01449946, 0
0.039, 0.01, 0.0, 0.01949872, 0
0.049, 0.01, 0.0, 0.02449752, 0
0.05900001, 0.01, 0.0, 0.02949568, 0
0.069, 0.01, 0.0, 0.0344931, 0
0.079, 0.01, 0.0, 0.03948974, 0
0.089, 0.01, 0.0, 0.04448531, 0
0.099, 0.01, 0.0, 0.04947979, 0
0.109, 0.01, 0.0, 0.05447301, 0
0.119, 0.01, 0.0, 0.05946488, 0
0.129, 0.00999999, 0.0, 0.06445527, 0
0.139, 0.01, 0.0, 0.06944403, 0
0.149, 0.01, 0.0, 0.07443108, 0
0.159, 0.00999999, 0.0, 0.07941627, 0
0.169, 0.01, 0.0, 0.08439945, 0
0.217, 0.04799999, 0.0, 0.1082872, 0
0.219, 0.002000004, 0.0, 0.1092813, 0
0.222, 0.003000006, 0.0, 0.1107722, 0
0.231, 0.009000004, 0.0008033427, 0.1152434, 4.958902
0.234, 0.002999991, 0.001150418, 0.1167332, 4.958902
0.236, 0.002000004, 0.001415702, 0.1177263, 4.958902
0.239, 0.002999991, 0.001887942, 0.1192158, 4.958902
0.249, 0.01, 0.004255583, 0.1241786, 4.958902
0.259, 0.01, 0.007309712, 0.1291383, 4.958902
0.269, 0.00999999, 0.0109532, 0.1340948, 4.958902
0.279, 0.01000002, 0.01509849, 0.139048, 4.958902
0.289, 0.00999999, 0.01966704, 0.1439976, 4.958902
0.299, 0.00999999, 0.02458884, 0.1489437, 4.958902
0.309, 0.00999999, 0.02980169, 0.153886, 4.958902
0.319, 0.01000002, 0.03525062, 0.1588246, 4.958902
0.329, 0.00999999, 0.04088715, 0.1637591, 4.958902
0.339, 0.00999999, 0.04666873, 0.1686895, 4.958902
0.349, 0.01000002, 0.05255814, 0.1736158, 4.958902
0.359, 0.00999999, 0.05852284, 0.1785376, 4.958902
0.369, 0.00999999, 0.06453457, 0.183455, 4.958902
0.379, 0.01000002, 0.07056879, 0.1883679, 4.958902
0.389, 0.00999999, 0.07660423, 0.193276, 4.958902
0.399, 0.00999999, 0.08262261, 0.1981792, 4.958902
0.416, 0.01700002, 0.09369703, 0.2065034, 6.581594
0.419, 0.002999991, 0.0956684, 0.2079708, 6.581594
0.429, 0.00999999, 0.1024154, 0.2128589, 6.581594
0.439, 0.01000002, 0.1092932, 0.2177417, 6.581594
0.449, 0.00999999, 0.1162627, 0.222619, 6.581594
0.459, 0.00999999, 0.1232901, 0.2274907, 6.581594
0.469, 0.01000002, 0.1303461, 0.2323567, 6.581594
0.479, 0.00999999, 0.1374052, 0.2372169, 6.581594
0.489, 0.00999999, 0.1444458, 0.2420712, 6.581594
0.499, 0.01000002, 0.1514493, 0.2469194, 6.581594
0.509, 0.00999999, 0.1583997, 0.2517615, 6.581594
0.519, 0.00999999, 0.1652835, 0.2565973, 6.581594
0.529, 0.00999999, 0.1720893, 0.2614267, 6.581594
0.539, 0.00999999, 0.1788075, 0.2662495, 6.581594
0.549, 0.01000005, 0.18543, 0.2710657, 6.581594
0.559, 0.00999999, 0.1919501, 0.2758751, 6.581594
0.569, 0.00999999, 0.1983623, 0.2806776, 6.581594
0.579, 0.00999999, 0.2046623, 0.2854731, 6.581594
0.589, 0.00999999, 0.2108465, 0.2902614, 6.581594
0.599, 0.00999999, 0.2169122, 0.2950425, 6.581594
0.616, 0.01700002, 0.227689, 0.3031533, 7.988853
0.619, 0.003000021, 0.2295989, 0.3045825, 7.988853
0.629, 0.00999999, 0.2360457, 0.309341, 7.988853
0.639, 0.00999999, 0.2425424, 0.3140919, 7.988853
0.649, 0.00999999, 0.2490619, 0.3188349, 7.988853
0.659, 0.00999999, 0.2555813, 0.32357, 7.988853
0.6690001, 0.01000005, 0.2620807, 0.3282969, 7.988853
0.679, 0.00999999, 0.2685429, 0.3330157, 7.988853
0.689, 0.00999999, 0.2749533, 0.3377261, 7.988853
0.699, 0.00999999, 0.2812995, 0.3424281, 7.988853
0.709, 0.00999999, 0.287571, 0.3471215, 7.988853
0.719, 0.00999999, 0.2937588, 0.3518063, 7.988853
0.729, 0.00999999, 0.2998555, 0.3564822, 7.988853
0.739, 0.01000005, 0.305855, 0.3611492, 7.988853
0.749, 0.00999999, 0.3117521, 0.3658072, 7.988853
0.759, 0.00999999, 0.3175429, 0.3704561, 7.988853
0.769, 0.00999999, 0.323224, 0.3750957, 7.988853
0.779, 0.00999999, 0.3287929, 0.3797259, 7.988853
0.789, 0.00999999, 0.3342478, 0.3843466, 7.988853
0.799, 0.01000005, 0.3395873, 0.3889578, 7.988853
0.816, 0.01699996, 0.3491122, 0.3967743, 9.344755
0.8190001, 0.003000021, 0.3508011, 0.3981507, 9.344755
0.829, 0.00999999, 0.3565113, 0.4027323, 9.344755
0.8389999, 0.00999999, 0.3622731, 0.4073039, 9.344755
0.849, 0.00999999, 0.3680616, 0.4118652, 9.344755
0.859, 0.01000005, 0.3738551, 0.4164163, 9.344755
0.8690001, 0.00999999, 0.3796347, 0.4209569, 9.344755
0.879, 0.00999999, 0.3853843, 0.425487, 9.344755
0.889, 0.00999999, 0.3910899, 0.4300065, 9.344755
0.932, 0.04299998, 0.414593, 0.4493164, 9.344755
0.934, 0.002000034, 0.4156823, 0.4502096, 9.344755
0.937, 0.002999961, 0.4173074, 0.4515484, 9.344755
0.939, 0.002000034, 0.4183869, 0.4524405, 9.344755
0.941, 0.001999974, 0.4194624, 0.453332, 9.344755
0.949, 0.008000016, 0.4237002, 0.4568938, 9.344755
0.959, 0.00999999, 0.4288947, 0.4613357, 9.344755
0.969, 0.00999999, 0.433984, 0.465766, 9.344755
0.979, 0.00999999, 0.4389662, 0.4701847, 9.344755
0.989, 0.01000005, 0.4438401, 0.4745916, 9.344755
0.999, 0.00999999, 0.4486045, 0.4789866, 9.344755
1.016, 0.01700002, 0.4571314, 0.4864308, 10.63256
1.019, 0.003000021, 0.458644, 0.4877409, 10.63256
1.029, 0.00999999, 0.4637643, 0.4920997, 10.63256
1.039, 0.00999999, 0.4689362, 0.4964462, 10.63256
