0.018, 0.018, 0.0, 0.00899984, 0
0.028, 0.01, 0.0, 0.01399956, 0
0.038, 0.01, 0.0, 0.01899887, 0
0.048, 0.01, 0.0, 0.02399771, 0
0.114, 0.06599999, 0.02888441, 0.05696914, 3.315474
0.117, 0.002999999, 0.03019936, 0.05846664, 3.315474
0.119, 0.002000004, 0.03107671, 0.05946488, 3.315474
0.122, 0.002999999, 0.03239404, 0.06096218, 3.315474
0.124, 0.001999997, 0.03327266, 0.06196028, 3.315474
0.19, 0.06599999, 0.07532854, 0.09485716, 4.778995
0.192, 0.002000004, 0.07659913, 0.09585258, 4.778995
0.194, 0.002000004, 0.07786584, 0.09684797, 4.778995
0.239, 0.04499999, 0.1043795, 0.1192158, 4.778995
0.242, 0.003000006, 0.1061366, 0.1207049, 4.778995
0.3, 0.05800002, 0.1426972, 0.1494381, 5.750312
0.303, 0.002999991, 0.1445798, 0.1509211, 5.750312
0.306, 0.002999991, 0.1464536, 0.1524038, 5.750312
0.372, 0.06600001, 0.1874639, 0.1849294, 6.217225
0.375, 0.002999991, 0.1893168, 0.1864033, 6.217225
0.44, 0.065, 0.2266305, 0.2182296, 6.506632
0.498, 0.058, 0.2571744, 0.2464349, 6.699464
0.501, 0.002999991, 0.2587443, 0.2478884, 6.699464
0.506, 0.004999995, 0.2613332, 0.2503096, 6.699464
0.51, 0.004000008, 0.2633866, 0.2522454, 6.699464
0.512, 0.002000034, 0.2644089, 0.2532129, 6.699464
0.515, 0.002999961, 0.2659321, 0.2546638, 6.699464
0.517, 0.002000034, 0.2669432, 0.2556307, 6.699464
0.646, 0.129, 0.3328494, 0.3174129, 7.27838
0.648, 0.001999974, 0.3338629, 0.318361, 7.27838
0.65, 0.001999974, 0.3348683, 0.3193088, 7.27838
0.652, 0.002000034, 0.3358657, 0.3202563, 7.27838
0.654, 0.001999974, 0.3368551, 0.3212034, 7.27838
0.711, 0.05700004, 0.3609614, 0.3480592, 7.63225
0.714, 0.002999961, 0.3622207, 0.3494649, 7.63225
0.716, 0.002000034, 0.3630561, 0.3504017, 7.63225
0.781, 0.065, 0.3861001, 0.3806509, 7.668727
0.783, 0.001999974, 0.3868057, 0.3815753, 7.668727
0.785, 0.002000034, 0.3875079, 0.3824995, 7.668727
0.787, 0.001999974, 0.3882066, 0.3834232, 7.668727
0.79, 0.003000021, 0.3892469, 0.3848082, 7.668727
0.792, 0.001999974, 0.389937, 0.385731, 7.668727
0.7940001, 0.002000034, 0.3906238, 0.3866534, 7.668727
0.796, 0.001999974, 0.391307, 0.3875754, 7.668727
0.801, 0.004999995, 0.3929937, 0.3898789, 7.668727
0.804, 0.003000021, 0.3939981, 0.3912597, 7.668727
0.87, 0.06599998, 0.4133585, 0.4214104, 7.780494
0.8719999, 0.001999974, 0.4139424, 0.422317, 7.780494
0.875, 0.003000021, 0.4148119, 0.4236763, 7.780494
0.877, 0.001999974, 0.4153887, 0.4245819, 7.780494
0.879, 0.002000034, 0.4159628, 0.425487, 7.780494
0.936, 0.05699998, 0.4309922, 0.4511023, 7.926494
0.938, 0.002000034, 0.4315172, 0.4519945, 7.926494
0.941, 0.002999961, 0.4322994, 0.453332, 7.926494
0.9440001, 0.003000021, 0.4330763, 0.4546685, 7.926494
0.946, 0.001999974, 0.4335919, 0.4555589, 7.926494
1.014, 0.06800008, 0.4499911, 0.4855569, 8.100486
1.016, 0.001999974, 0.4504712, 0.4864308, 8.100486
1.019, 0.003000021, 0.4511864, 0.4877409, 8.100486
1.021, 0.001999974, 0.451661, 0.4886136, 8.100486
1.086, 0.06499994, 0.4665659, 0.5167068, 8.317693
1.088, 0.002000093, 0.4670225, 0.5175628, 8.317693
1.091, 0.002999902, 0.467703, 0.5188456, 8.317693
1.093, 0.002000093, 0.4681546, 0.5197002, 8.317693
1.098, 0.004999995, 0.4692711, 0.5218345, 8.317693
1.1, 0.001999974, 0.4697156, 0.5226872, 8.317693
1.103, 0.003000021, 0.4703779, 0.5239655, 8.317693
1.161, 0.05799997, 0.483137, 0.5484421, 8.56621
1.164, 0.003000021, 0.4837933, 0.5496958, 8.56621
1.23, 0.06599998, 0.4983229, 0.5769586, 8.785719
1.232, 0.001999974, 0.4987613, 0.577775, 8.785719
1.234, 0.001999974, 0.4991979, 0.5785909, 8.785719
1.236, 0.001999974, 0.4996326, 0.5794063, 8.785719
1.239, 0.003000021, 0.5002804, 0.5806281, 8.785719
1.241, 0.002000093, 0.5007104, 0.5814421, 8.785719
1.243, 0.001999974, 0.5011384, 0.5822554, 8.785719
1.245, 0.001999974, 0.5015646, 0.583068, 8.785719
1.247, 0.001999974, 0.5019889, 0.5838802, 8.785719
1.249, 0.001999974, 0.5024112, 0.5846917, 8.785719
1.314, 0.06500006, 0.5165317, 0.6107442, 9.073541
1.317, 0.003000021, 0.5171794, 0.6119311, 9.073541
1.319, 0.001999974, 0.5176095, 0.6127217, 9.073541
1.322, 0.003000021, 0.5182505, 0.6139066, 9.073541
1.324, 0.001999974, 0.5186761, 0.6146956, 9.073541
1.429, 0.105, 0.5435851, 0.6552398, 9.416512
1.431, 0.001999974, 0.5440559, 0.6559949, 9.416512
1.433, 0.001999974, 0.5445233, 0.6567493, 9.416512
1.435, 0.001999974, 0.5449872, 0.6575031, 9.416512
1.437, 0.002000093, 0.5454476, 0.6582562, 9.416512
1.502, 0.06499994, 0.5594266, 0.6823701, 9.729602
1.504, 0.001999974, 0.5598547, 0.6831007, 9.729602
1.506, 0.002000093, 0.5602809, 0.6838307, 9.729602
1.508, 0.001999974, 0.560705, 0.6845601, 9.729602
1.566, 0.05799997, 0.5722821, 0.705409, 9.87372
1.569, 0.003000021, 0.572877, 0.7064714, 9.87372
1.572, 0.003000021, 0.5734679, 0.7075323, 9.87372
1.637, 0.06499994, 0.5854191, 0.7301217, 9.995025
1.64, 0.003000021, 0.5859668, 0.7311459, 9.995025
1.642, 0.001999974, 0.5863302, 0.7318277, 9.995025
1.644, 0.002000093, 0.5866919, 0.7325089, 9.995025
1.646, 0.001999974, 0.5870518, 0.7331892, 9.995025
1.648, 0.001999974, 0.58741, 0.7338689, 9.995025
1.65, 0.001999974, 0.5877664, 0.7345478, 9.995025
1.652, 0.001999974, 0.588121, 0.735226, 9.995025
1.655, 0.003000021, 0.5886492, 0.7362419, 9.995025
1.66, 0.004999995, 0.5895183, 0.7379314, 9.995025
1.725, 0.06500006, 0.6001167, 0.7594713, 10.13285
1.728, 0.003000021, 0.6006024, 0.7604463, 10.13285
1.73, 0.001999974, 0.6009247, 0.7610953, 10.13285
1.732, 0.001999974, 0.6012455, 0.7617435, 10.13285
1.734, 0.001999974, 0.6015646, 0.762391, 10.13285
1.792, 0.05800009, 0.6103731, 0.7808342, 10.26009
1.795, 0.002999902, 0.6108257, 0.7817704, 10.26009
1.797, 0.002000093, 0.6111262, 0.7823936, 10.26009
1.8, 0.002999902, 0.6115738, 0.7833269, 10.26009
1.802, 0.002000093, 0.6118709, 0.7839482, 10.26009
1.868, 0.06599998, 0.6211405, 0.8040049, 10.36818
1.87, 0.001999974, 0.6214201, 0.804599, 10.36818
1.872, 0.001999974, 0.6216983, 0.8051925, 10.36818
1.937, 0.06500006, 0.6302093, 0.8240369, 10.47221
1.939, 0.001999974, 0.6304699, 0.824603, 10.47221
1.942, 0.003000021, 0.630858, 0.8254506, 10.47221
1.944, 0.001999974, 0.6311155, 0.8260146, 10.47221
1.946, 0.001999974, 0.6313718, 0.8265779, 10.47221
1.948, 0.001999974, 0.6316268, 0.8271402, 10.47221
1.953, 0.004999995, 0.6322565, 0.8285427, 10.47221
1.956, 0.003000021, 0.6326314, 0.8293817, 10.47221
1.958, 0.001999974, 0.6328801, 0.8299399, 10.47221
1.96, 0.002000093, 0.6331275, 0.8304974, 10.47221
2.018, 0.05799985, 0.6398743, 0.8462996, 10.56766
2.021, 0.003000021, 0.6402209, 0.8470977, 10.56766
2.024, 0.003000021, 0.6405651, 0.8478938, 10.56766
2.026, 0.002000093, 0.6407935, 0.8484236, 10.56766
2.029, 0.003000021, 0.6411337, 0.8492167, 10.56766
2.095, 0.06599998, 0.6480596, 0.8661767, 10.63825
2.097, 0.001999855, 0.6482685, 0.8666759, 10.63825
2.099, 0.002000093, 0.6484763, 0.8671743, 10.63825
2.101, 0.002000093, 0.6486831, 0.867672, 10.63825
2.103, 0.001999855, 0.6488888, 0.8681686, 10.63825
2.168, 0.06500006, 0.655014, 0.883836, 10.70189
2.171, 0.003000021, 0.6552946, 0.8845368, 10.70189
2.173, 0.002000093, 0.6554808, 0.8850029, 10.70189
2.231, 0.05799985, 0.6603842, 0.8981307, 10.74608
2.233, 0.002000093, 0.6605525, 0.8985701, 10.74608
2.236, 0.003000021, 0.6608029, 0.8992272, 10.74608
2.241, 0.004999876, 0.6612152, 0.9003181, 10.74608
2.244, 0.003000021, 0.6614606, 0.90097, 10.74608
2.247, 0.003000021, 0.6617042, 0.9016198, 10.74608
2.25, 0.003000021, 0.6619458, 0.9022676, 10.74608
2.252, 0.002000093, 0.662106, 0.9026983, 10.74608
2.255, 0.003000021, 0.6623445, 0.9033428, 10.74608
2.257, 0.001999855, 0.6625025, 0.9037712, 10.74608
2.359, 0.102, 0.6689122, 0.9244154, 10.77323
2.361, 0.002000093, 0.6690372, 0.9247963, 10.77323
2.364, 0.003000021, 0.669223, 0.9253661, 10.77323
2.366, 0.001999855, 0.6693461, 0.9257446, 10.77323
2.368, 0.002000093, 0.6694686, 0.9261224, 10.77323
2.426, 0.05800009, 0.6724506, 0.9366709, 10.77766
2.436, 0.00999999, 0.6729496, 0.9384102, 10.77766
2.438, 0.001999855, 0.6730488, 0.9387552, 10.77766
2.441, 0.003000021, 0.6731963, 0.9392711, 10.77766
2.443, 0.002000093, 0.673294, 0.9396137, 10.77766
2.445, 0.001999855, 0.6733911, 0.9399555, 10.77766
2.503, 0.05800009, 0.6755969, 0.9494566, 10.76128
2.506, 0.003000021, 0.6757098, 0.9499263, 10.76128
2.547, 0.04099989, 0.6770379, 0.9561319, 10.76128
2.55, 0.003000021, 0.6771341, 0.9565704, 10.76128
2.616, 0.06599998, 0.6783601, 0.9656673, 10.7137
2.618, 0.002000093, 0.6783969, 0.9659266, 10.7137
2.62, 0.001999855, 0.6784334, 0.966185, 10.7137
2.678, 0.05800009, 0.6788288, 0.9732553, 10.6561
2.681, 0.003000021, 0.6788486, 0.9735989, 10.6561
2.747, 0.06599998, 0.6784419, 0.9806003, 10.59494
2.749, 0.002000093, 0.6784294, 0.9807958, 10.59494
2.751, 0.001999855, 0.6784169, 0.9809903, 10.59494
2.753, 0.002000093, 0.6784043, 0.9811838, 10.59494
2.755, 0.002000093, 0.6783916, 0.9813765, 10.59494
2.758, 0.002999783, 0.6783723, 0.9816633, 10.59494
2.76, 0.002000093, 0.6783594, 0.9818535, 10.59494
2.824, 0.06399989, 0.6771687, 0.9874183, 10.50997
2.882, 0.05800009, 0.6754747, 0.9915883, 10.42004
2.885, 0.003000021, 0.6753871, 0.9917813, 10.42004
2.888, 0.003000021, 0.6752995, 0.9919722, 10.42004
2.89, 0.002000093, 0.6752412, 0.992098, 10.42004
2.893, 0.002999783, 0.6751538, 0.9922852, 10.42004
2.958, 0.06500006, 0.6735341, 0.9957897, 10.44592
2.963, 0.005000114, 0.6734113, 0.9960157, 10.44592
2.966, 0.003000021, 0.6733382, 0.9961484, 10.44592
2.968, 0.001999855, 0.6732897, 0.9962357, 10.44592
3.033, 0.06500006, 0.671588, 0.9985263, 10.39634
3.036, 0.003000021, 0.6715099, 0.9986066, 10.39634
3.038, 0.002000093, 0.6714581, 0.9986589, 10.39634
3.04, 0.001999855, 0.6714065, 0.9987102, 10.39634
3.042, 0.002000093, 0.671355, 0.9987604, 10.39634
3.044, 0.001999855, 0.6713038, 0.9988097, 10.39634
3.047, 0.003000021, 0.6712275, 0.9988817, 10.39634
3.104, 0.05700016, 0.6693297, 0.9998234, 10.30002
3.107, 0.003000021, 0.6692301, 0.9998504, 10.30002
3.173, 0.06599998, 0.6661567, 0.9998768, 10.18679
3.175, 0.001999855, 0.6660638, 0.9998606, 10.18679
3.178, 0.003000021, 0.6659251, 0.9998343, 10.18679
3.18, 0.002000093, 0.6658329, 0.9998156, 10.18679
3.182, 0.001999855, 0.665741, 0.9997959, 10.18679
3.247, 0.06500006, 0.6616435, 0.9986115, 10.02
3.249, 0.002000093, 0.6615177, 0.9985583, 10.02
3.252, 0.003000021, 0.6613298, 0.9984766, 10.02
3.256, 0.003999949, 0.6610808, 0.9983643, 10.02
3.259, 0.003000021, 0.6608949, 0.9982775, 10.02
3.318, 0.05900002, 0.6561464, 0.9961126, 9.814833
3.321, 0.003000021, 0.6559056, 0.9959793, 9.814833
3.323, 0.001999855, 0.6557454, 0.9958893, 9.814833
3.389, 0.06599998, 0.6490767, 0.9923584, 9.615088
3.391, 0.002000093, 0.6488752, 0.9922345, 9.615088
3.393, 0.001999855, 0.6486745, 0.9921097, 9.615088
3.395, 0.002000093, 0.6484744, 0.9919838, 9.615088
3.397, 0.002000093, 0.648275, 0.991857, 9.615088
3.4, 0.003000021, 0.6479775, 0.9916648, 9.615088
3.402, 0.001999855, 0.6477799, 0.9915355, 9.615088
3.404, 0.002000093, 0.6475831, 0.9914051, 9.615088
3.406, 0.001999855, 0.647387, 0.9912738, 9.615088
3.464, 0.05800009, 0.6406254, 0.9870349, 9.362607
3.467, 0.003000021, 0.6402769, 0.9867929, 9.362607
3.469, 0.002000093, 0.6400452, 0.9866304, 9.362607
3.472, 0.002999783, 0.6396989, 0.986385, 9.362607
3.474, 0.002000093, 0.6394686, 0.98622, 9.362607
3.541, 0.06699991, 0.6303742, 0.9801253, 9.129751
3.543, 0.002000093, 0.6301037, 0.9799265, 9.129751
3.548, 0.005000114, 0.6294339, 0.979425, 9.129751
3.551, 0.003000021, 0.6290345, 0.9791213, 9.129751
3.553, 0.001999855, 0.6287692, 0.9789175, 9.129751
3.617, 0.06400013, 0.6191656, 0.9718812, 8.859303
3.62, 0.002999783, 0.6187179, 0.971527, 8.859303
3.622, 0.002000093, 0.6184204, 0.9712896, 8.859303
3.68, 0.05800009, 0.6090157, 0.963983, 8.606371
3.683, 0.003000021, 0.6085314, 0.9635829, 8.606371
3.685, 0.001999855, 0.6082097, 0.9633151, 8.606371
3.688, 0.003000021, 0.6077294, 0.9629115, 8.606371
3.69, 0.002000093, 0.6074102, 0.9626411, 8.606371
3.693, 0.003000021, 0.6069339, 0.9622338, 8.606371
3.695, 0.001999855, 0.6066175, 0.9619612, 8.606371
3.698, 0.003000021, 0.6061454, 0.9615504, 8.606371
3.7, 0.002000093, 0.6058319, 0.9612753, 8.606371
3.703, 0.003000021, 0.6053641, 0.9608607, 8.606371
3.771, 0.06799984, 0.5935975, 0.9508882, 8.333605
3.774, 0.003000021, 0.5930815, 0.9504229, 8.333605
3.776, 0.002000093, 0.592739, 0.9501114, 8.333605
3.778, 0.002000093, 0.5923979, 0.949799, 8.333605
3.822, 0.04399991, 0.5855942, 0.9426867, 8.333605
3.887, 0.06500006, 0.5742397, 0.9313462, 7.985149
3.889, 0.001999855, 0.5738916, 0.9309816, 7.985149
3.892, 0.003000021, 0.5733724, 0.9304331, 7.985149
3.894, 0.002000093, 0.5730275, 0.9300661, 7.985149
3.896, 0.001999855, 0.5726839, 0.9296982, 7.985149
3.954, 0.05800009, 0.5621175, 0.9186275, 7.729521
3.956, 0.002000093, 0.5617543, 0.9182319, 7.729521
3.959, 0.003000021, 0.5612123, 0.9176368, 7.729521
3.961, 0.001999855, 0.5608521, 0.9172389, 7.729521
4.027, 0.06599998, 0.5480628, 0.9035968, 7.468791
4.03, 0.003000259, 0.5474848, 0.9029532, 7.468791
4.032, 0.001999855, 0.5471011, 0.902523, 7.468791
4.096, 0.06400013, 0.5339721, 0.8882827, 7.16962
4.099, 0.002999783, 0.5333602, 0.8875928, 7.16962
4.101, 0.001999855, 0.5329538, 0.8871318, 7.16962
4.103, 0.002000332, 0.532549, 0.8866697, 7.16962
4.105, 0.001999855, 0.5321459, 0.8862069, 7.16962
4.107, 0.001999855, 0.5317443, 0.8857432, 7.16962
4.11, 0.003000259, 0.5311455, 0.8850459, 7.16962
4.171, 0.06099987, 0.5180507, 0.8704387, 6.840896
4.237, 0.06599998, 0.5029501, 0.8537226, 6.549713
4.239, 0.001999855, 0.5024944, 0.8532015, 6.549713
4.242, 0.003000259, 0.5018148, 0.852418, 6.549713
4.244, 0.001999855, 0.5013637, 0.8518948, 6.549713
4.246, 0.001999855, 0.5009143, 0.8513706, 6.549713
4.311, 0.06500006, 0.4859594, 0.8338758, 6.27479
4.313, 0.002000332, 0.4855011, 0.8333234, 6.27479
4.315, 0.001999855, 0.4850447, 0.8327702, 6.27479
4.317, 0.001999855, 0.4845902, 0.8322162, 6.27479
4.375, 0.05800009, 0.4709405, 0.8157893, 5.967595
4.378, 0.002999783, 0.4702382, 0.814921, 5.967595
4.381, 0.003000259, 0.4695394, 0.8140506, 5.967595
4.383, 0.001999855, 0.4690753, 0.8134695, 5.967595
4.386, 0.003000259, 0.4683827, 0.812596, 5.967595
4.388, 0.001999855, 0.4679228, 0.8120128, 5.967595
4.391, 0.002999783, 0.4672368, 0.8111365, 5.967595
4.456, 0.06500006, 0.4515093, 0.7917037, 5.648109
4.459, 0.003000259, 0.4507876, 0.7907863, 5.648109
4.461, 0.001999855, 0.4503084, 0.7901739, 5.648109
4.522, 0.06099987, 0.4348968, 0.7711164, 5.304011
4.528, 0.006000042, 0.4333968, 0.7692029, 5.304011
4.531, 0.003000259, 0.4326509, 0.7682434, 5.304011
4.533, 0.001999855, 0.4321555, 0.7676029, 5.304011
4.6, 0.06699991, 0.4144403, 0.7457053, 4.946517
4.603, 0.003000259, 0.4136518, 0.7447049, 4.946517
4.605, 0.001999855, 0.4131282, 0.7440372, 4.946517
4.607, 0.001999855, 0.4126068, 0.7433687, 4.946517
4.609, 0.002000332, 0.4120875, 0.7426993, 4.946517
4.611, 0.001999855, 0.4115704, 0.7420294, 4.946517
4.676, 0.06500006, 0.393673, 0.7198545, 4.547537
4.734, 0.05800009, 0.3770043, 0.6994249, 4.183827
4.736, 0.001999855, 0.3764314, 0.6987099, 4.183827
4.739, 0.002999783, 0.3755764, 0.6976362, 4.183827
4.742, 0.003000259, 0.3747256, 0.6965606, 4.183827
4.744, 0.001999855, 0.3741605, 0.6958427, 4.183827
4.81, 0.06599998, 0.3548408, 0.6717678, 3.858788
4.812, 0.001999855, 0.3542577, 0.6710268, 3.858788
4.814, 0.002000332, 0.3536768, 0.6702848, 3.858788
4.816, 0.001999855, 0.3530984, 0.6695425, 3.858788
4.881, 0.06500006, 0.3336082, 0.645053, 3.482697
4.886, 0.005000114, 0.3321233, 0.6431406, 3.482697
4.889, 0.002999783, 0.3312378, 0.6419913, 3.482697
4.891, 0.001999855, 0.3306499, 0.6412244, 3.482697
4.893, 0.002000332, 0.3300641, 0.6404566, 3.482697
4.895, 0.001999855, 0.3294809, 0.6396883, 3.482697
4.897, 0.001999855, 0.3289001, 0.6389194, 3.482697
4.956, 0.05900002, 0.3110516, 0.6159511, 3.078568
4.958, 0.002000332, 0.3104484, 0.6151629, 3.078568
5.024, 0.06599998, 0.2897339, 0.5888155, 2.730836
5.026, 0.001999855, 0.2891087, 0.588007, 2.730836
5.029, 0.002999783, 0.2881764, 0.5867931, 2.730836
5.031, 0.002000332, 0.2875572, 0.585983, 2.730836
5.033, 0.001999855, 0.2869406, 0.5851724, 2.730836
5.098, 0.06500006, 0.2661613, 0.5585135, 2.330923
5.1, 0.001999855, 0.2655244, 0.5576838, 2.330923
5.102, 0.002000332, 0.2648898, 0.5568533, 2.330923
5.105, 0.002999783, 0.2639438, 0.5556068, 2.330923
5.107, 0.001999855, 0.2633155, 0.5547752, 2.330923
5.165, 0.05800009, 0.2445124, 0.5304173, 1.931619
5.167, 0.001999855, 0.2438662, 0.5295693, 1.931619
5.206, 0.03900003, 0.2320824, 0.5129285, 1.931619
5.273, 0.06699991, 0.2103911, 0.4838886, 1.457417
5.275, 0.002000332, 0.209746, 0.4830131, 1.457417
5.278, 0.002999783, 0.2087841, 0.4816993, 1.457417
5.28, 0.002000332, 0.2081452, 0.4808225, 1.457417
5.282, 0.001999855, 0.207509, 0.4799456, 1.457417
5.284, 0.001999855, 0.2068753, 0.4790681, 1.457417
5.349, 0.06500006, 0.1851157, 0.4502923, 1.002255
5.352, 0.003000259, 0.1841168, 0.4489524, 1.002255
5.354, 0.001999855, 0.1834536, 0.4480587, 1.002255
5.356, 0.001999855, 0.1827928, 0.4471645, 1.002255
5.414, 0.05800009, 0.162869, 0.421041, 0.5737548
5.416, 0.001999855, 0.1621842, 0.4201338, 0.5737548
5.419, 0.003000259, 0.1611619, 0.418772, 0.5737548
5.485, 0.06599998, 0.1378605, 0.3885824, 0.1989362
5.487, 0.001999855, 0.1371571, 0.3876609, 0.1989362
5.489, 0.001999855, 0.1364565, 0.3867389, 0.1989362
5.491, 0.002000332, 0.1357585, 0.3858164, 0.1989362
5.493, 0.001999855, 0.1350633, 0.3848937, 0.1989362
5.496, 0.002999783, 0.1340269, 0.383509, 0.1989362
5.5, 0.004000187, 0.1326558, 0.381661, 0.1989362
5.503, 0.002999783, 0.131634, 0.3802742, 0.1989362
5.505, 0.002000332, 0.1309554, 0.379349, 0.1989362
5.507, 0.001999855, 0.1302799, 0.3784236, 0.1989362
5.566, 0.05900002, 0.1096478, 0.3509568, -0.2556467
5.569, 0.002999783, 0.108604, 0.3495519, -0.2556467
5.571, 0.002000332, 0.1079103, 0.3486146, -0.2556467
5.574, 0.002999783, 0.1068752, 0.3472085, -0.2556467
5.576, 0.002000332, 0.1061874, 0.3462704, -0.2556467
5.643, 0.06699991, 0.08239098, 0.3146545, -0.6416665
5.645, 0.001999855, 0.08168346, 0.3137052, -0.6416665
5.647, 0.001999855, 0.08097875, 0.3127556, -0.6416665
5.649, 0.002000332, 0.08027666, 0.3118054, -0.6416665
5.651, 0.001999855, 0.07957754, 0.3108552, -0.6416665
5.716, 0.06500006, 0.0563237, 0.2798066, -1.057572
5.718, 0.001999855, 0.05561096, 0.2788465, -1.057572
5.721, 0.003000259, 0.05454784, 0.2774055, -1.057572
5.778, 0.05699968, 0.03411825, 0.2499153, -1.437495
5.781, 0.003000259, 0.03304827, 0.2484625, -1.437495
5.784, 0.002999783, 0.03198388, 0.2470093, -1.437495
5.789, 0.005000114, 0.03022505, 0.244586, -1.437495
5.792, 0.002999783, 0.02917547, 0.2431314, -1.437495
5.795, 0.003000259, 0.02813142, 0.2416759, -1.437495
5.797, 0.001999855, 0.02743804, 0.2407055, -1.437495
5.8, 0.003000259, 0.0264036, 0.2392493, -1.437495
5.802, 0.001999855, 0.02571668, 0.2382782, -1.437495
5.805, 0.002999783, 0.02469216, 0.2368213, -1.437495
5.872, 0.06700039, 0.001094712, 0.2041473, -1.845874
5.874, 0.001999855, 0.0003931165, 0.2031683, -1.845874
5.876, 0.001999855, -0.0003057154, 0.2021891, -1.845874
5.878, 0.001999855, -0.001001772, 0.2012097, -1.845874
5.88, 0.002000332, -0.001695208, 0.2002299, -1.845874
5.945, 0.06500006, -0.02469213, 0.1682879, -2.250429
5.947, 0.001999855, -0.02539698, 0.1673022, -2.250429
5.95, 0.002999783, -0.02644817, 0.1658232, -2.250429
5.952, 0.002000332, -0.0271464, 0.1648369, -2.250429
5.954, 0.001999855, -0.02784172, 0.1638505, -2.250429
6.012, 0.05800009, -0.04826499, 0.1351775, -2.632701
6.015, 0.002999783, -0.04931594, 0.1336913, -2.632701
6.02, 0.005000114, -0.05105262, 0.1312132, -2.632701
6.086, 0.06599998, -0.07429189, 0.09843306, -2.976662
6.089, 0.003000259, -0.07534211, 0.09694008, -2.976662
6.091, 0.001999855, -0.07603938, 0.09594481, -2.976662
6.093, 0.001999855, -0.07673388, 0.09494946, -2.976662
6.095, 0.001999855, -0.07742557, 0.093954, -2.976662
6.097, 0.002000332, -0.07811463, 0.0929582, -2.976662
6.1, 0.002999783, -0.07914164, 0.0914647, -2.976662
6.102, 0.002000332, -0.07982365, 0.09046869, -2.976662
6.104, 0.001999855, -0.08050266, 0.08947282, -2.976662
6.106, 0.001999855, -0.08117884, 0.08847684, -2.976662
6.171, 0.06500006, -0.1035909, 0.05606325, -3.384347
6.173, 0.001999855, -0.1042778, 0.05506487, -3.384347
6.176, 0.003000259, -0.1053024, 0.05356697, -3.384347
6.178, 0.001999855, -0.1059827, 0.05256844, -3.384347
6.18, 0.001999855, -0.1066603, 0.05156988, -3.384347
6.238, 0.05800009, -0.1265782, 0.02259079, -3.760326
6.241, 0.003000259, -0.1276033, 0.02109102, -3.760326
6.243, 0.001999855, -0.1282843, 0.0200913, -3.760326
6.289, 0.046, -0.14269, -0.002907349, -3.760326
6.292, 0.002999783, -0.1436234, -0.004407224, -3.760326
6.358, 0.06599998, -0.1653511, -0.03739851, -4.235114
6.361, 0.003000259, -0.1663332, -0.03889754, -4.235114
6.363, 0.001999855, -0.1669854, -0.0398967, -4.235114
6.365, 0.001999855, -0.1676351, -0.04089581, -4.235114
6.43, 0.06500006, -0.1894379, -0.07334135, -4.631187
6.488, 0.05800009, -0.20908, -0.1022284, -4.976561
6.491, 0.003000259, -0.2100909, -0.1037205, -4.976561
6.493, 0.001999855, -0.2107623, -0.104715, -4.976561
6.496, 0.002999783, -0.211764, -0.1062066, -4.976561
6.498, 0.002000332, -0.2124296, -0.107201, -4.976561
6.564, 0.06599998, -0.235379, -0.1399465, -5.393775
6.566, 0.001999855, -0.2360717, -0.1409365, -5.393775
6.569, 0.002999783, -0.2371047, -0.1424213, -5.393775
6.571, 0.002000332, -0.2377909, -0.1434112, -5.393775
6.629, 0.05800009, -0.2579048, -0.1720471, -5.765899
6.631, 0.001999855, -0.2585959, -0.1730321, -5.765899
6.634, 0.002999783, -0.2596272, -0.1745091, -5.765899
6.639, 0.005000114, -0.2613308, -0.1769703, -5.765899
6.642, 0.003000259, -0.2623475, -0.1784465, -5.765899
6.645, 0.002999783, -0.2633582, -0.1799222, -5.765899
6.648, 0.002999783, -0.2643633, -0.1813974, -5.765899
6.714, 0.06600046, -0.286565, -0.2137455, -6.097795
6.717, 0.002999783, -0.287568, -0.2152105, -6.097795
6.781, 0.06400013, -0.3087292, -0.2463452, -6.410177
6.784, 0.002999783, -0.3097152, -0.2477986, -6.410177
6.786, 0.001999855, -0.3103698, -0.2487672, -6.410177
6.788, 0.002000332, -0.3110218, -0.2497358, -6.410177
6.79, 0.001999855, -0.3116711, -0.2507039, -6.410177
6.792, 0.001999855, -0.3123176, -0.2516718, -6.410177
6.794, 0.002000332, -0.3129616, -0.2526396, -6.410177
6.797, 0.002999783, -0.3139212, -0.2540905, -6.410177
6.799, 0.001999855, -0.3145583, -0.2550576, -6.410177
6.801, 0.002000332, -0.3151927, -0.2560245, -6.410177
6.864, 0.06299973, -0.3351717, -0.2863424, -6.752988
6.867, 0.003000259, -0.3361176, -0.2877794, -6.752988
6.869, 0.001999855, -0.3367455, -0.2887369, -6.752988
6.874, 0.005000114, -0.3383, -0.2911296, -6.752988
6.878, 0.00399971, -0.3395334, -0.2930422, -6.752988
6.943, 0.06500006, -0.3593028, -0.3239553, -7.040781
6.946, 0.003000259, -0.3602097, -0.3253741, -7.040781
6.948, 0.001999855, -0.3608117, -0.3263195, -7.040781
6.95, 0.001999855, -0.3614111, -0.3272645, -7.040781
6.952, 0.002000332, -0.3620082, -0.3282094, -7.040781
7.017, 0.06500006, -0.381124, -0.3587304, -7.325212
7.019, 0.001999855, -0.3817097, -0.3596636, -7.325212
7.022, 0.002999783, -0.3825828, -0.3610627, -7.325212
7.079, 0.05700016, -0.3988602, -0.38749, -7.584508
7.082, 0.002999783, -0.399712, -0.3888723, -7.584508
7.085, 0.003000259, -0.4005591, -0.3902539, -7.584508
7.087, 0.001999855, -0.4011215, -0.3911743, -7.584508
7.09, 0.003000259, -0.4019603, -0.3925545, -7.584508
7.092, 0.001999855, -0.4025172, -0.393474, -7.584508
7.095, 0.002999783, -0.4033475, -0.3948524, -7.584508
7.097, 0.002000332, -0.4038989, -0.3957711, -7.584508
7.1, 0.002999783, -0.4047207, -0.3971481, -7.584508
7.105, 0.005000114, -0.4060762, -0.3994413, -7.584508
7.172, 0.06699991, -0.4241415, -0.4299228, -7.862338
7.174, 0.001999855, -0.4246784, -0.4308254, -7.862338
7.176, 0.002000332, -0.4252131, -0.4317278, -7.862338
7.178, 0.001999855, -0.4257454, -0.4326295, -7.862338
7.181, 0.003000259, -0.4265388, -0.4339815, -7.862338
7.245, 0.06399965, -0.4432755, -0.4625837, -8.130695
7.248, 0.003000259, -0.4440552, -0.4639132, -8.130695
7.25, 0.001999855, -0.4445728, -0.4647988, -8.130695
7.252, 0.001999855, -0.4450882, -0.4656839, -8.130695
7.254, 0.002000332, -0.4456015, -0.4665688, -8.130695
7.312, 0.05799961, -0.4602996, -0.4920189, -8.378241
7.315, 0.003000259, -0.4610556, -0.4933243, -8.378241
7.317, 0.001999855, -0.4615575, -0.4941938, -8.378241
7.383, 0.06599998, -0.4778219, -0.5226082, -8.589486
7.386, 0.003000259, -0.4785564, -0.5238866, -8.589486
7.388, 0.001999855, -0.4790439, -0.524738, -8.589486
7.39, 0.001999855, -0.4795293, -0.5255889, -8.589486
7.392, 0.002000332, -0.4800126, -0.5264396, -8.589486
7.43, 0.03799963, -0.4884139, -0.5424974, -8.589486
7.433, 0.003000259, -0.4890723, -0.5437571, -8.589486
7.435, 0.001999855, -0.489509, -0.544596, -8.589486
7.437, 0.001999855, -0.4899435, -0.5454344, -8.589486
7.439, 0.002000332, -0.4903758, -0.5462724, -8.589486
7.505, 0.06599998, -0.504906, -0.573611, -8.8948
7.507, 0.001999855, -0.5053444, -0.5744298, -8.8948
7.509, 0.001999855, -0.5057811, -0.575248, -8.8948
7.512, 0.003000259, -0.5064319, -0.5764744, -8.8948
7.569, 0.05699968, -0.5187857, -0.5995247, -9.126472
7.572, 0.003000259, -0.5194323, -0.6007247, -9.126472
7.575, 0.002999783, -0.5200752, -0.6019232, -9.126472
7.64, 0.06500006, -0.5338688, -0.6275538, -9.316278
7.643, 0.003000259, -0.5345015, -0.628721, -9.316278
7.645, 0.001999855, -0.5349213, -0.6294982, -9.316278
7.647, 0.001999855, -0.5353393, -0.6302749, -9.316278
7.649, 0.002000332, -0.5357555, -0.6310511, -9.316278
7.651, 0.001999855, -0.5361698, -0.6318264, -9.316278
7.654, 0.002999783, -0.5367871, -0.6329884, -9.316278
7.722, 0.06800032, -0.5505638, -0.6589391, -9.526858
7.781, 0.05900002, -0.5621365, -0.6808389, -9.700498
7.783, 0.001999855, -0.5625271, -0.681571, -9.700498
7.786, 0.002999783, -0.5631094, -0.6826677, -9.700498
7.789, 0.003000259, -0.563688, -0.6837631, -9.700498
7.791, 0.001999855, -0.5640721, -0.6844924, -9.700498
7.857, 0.06599998, -0.5775373, -0.7081731, -10.00095
7.859, 0.002000332, -0.5779438, -0.7088789, -10.00095
7.861, 0.001999855, -0.5783484, -0.7095838, -10.00095
7.863, 0.001999855, -0.5787515, -0.710288, -10.00095
7.921, 0.05800009, -0.5904188, -0.7303999, -10.20852
7.924, 0.002999783, -0.5910187, -0.7314236, -10.20852
7.927, 0.003000259, -0.5916152, -0.7324457, -10.20852
7.992, 0.06500006, -0.6040406, -0.7541819, -10.34848
7.994, 0.001999855, -0.6044212, -0.7548382, -10.34848
7.997, 0.003000259, -0.6049882, -0.7558212, -10.34848
7.999, 0.001999855, -0.6053644, -0.7564755, -10.34848
8.001, 0.002000332, -0.6057389, -0.7571293, -10.34848
8.003, 0.001999855, -0.6061115, -0.7577822, -10.34848
8.005, 0.001999855, -0.6064825, -0.7584342, -10.34848
8.073, 0.06799984, -0.6182582, -0.7801511, -10.48006
8.131, 0.05799961, -0.6275089, -0.7979625, -10.57199
8.134, 0.003000259, -0.6279841, -0.7988658, -10.57199
8.137, 0.003000259, -0.6284559, -0.7997672, -10.57199
8.139, 0.001999855, -0.6287688, -0.8003671, -10.57199
8.142, 0.003000259, -0.6292349, -0.8012656, -10.57199
8.207, 0.06499958, -0.6396513, -0.8202839, -10.80015
8.21, 0.003000259, -0.6401291, -0.8211411, -10.80015
8.212, 0.001999855, -0.6404462, -0.8217113, -10.80015
8.214, 0.001999855, -0.6407619, -0.8222807, -10.80015
8.279, 0.06500053, -0.6506733, -0.8403385, -10.93049
8.281, 0.001999855, -0.6509768, -0.8408802, -10.93049
8.284, 0.003000259, -0.6514291, -0.8416911, -10.93049
8.342, 0.05799961, -0.6595288, -0.8569937, -11.01203
8.344, 0.001999855, -0.6598068, -0.8575086, -11.01203
8.347, 0.003000259, -0.6602209, -0.8582794, -11.01203
8.35, 0.003000259, -0.660632, -0.8590483, -11.01203
8.352, 0.001999855, -0.6609047, -0.8595596, -11.01203
8.355, 0.002999306, -0.6613107, -0.8603251, -11.01203
8.424, 0.06900024, -0.6695199, -0.8773958, -11.06064
8.426, 0.001999855, -0.6697565, -0.8778752, -11.06064
8.492, 0.06599998, -0.6764083, -0.8931977, -11.08454
8.494, 0.002000809, -0.6766089, -0.8936471, -11.08454
8.496, 0.001999855, -0.6768083, -0.8940954, -11.08454
8.499, 0.002999306, -0.6771047, -0.8947661, -11.08454
8.501, 0.002000809, -0.6773014, -0.8952124, -11.08454
8.503, 0.001999855, -0.6774969, -0.8956576, -11.08454
8.505, 0.001999855, -0.6776913, -0.8961019, -11.08454
8.507, 0.001999855, -0.6778846, -0.8965452, -11.08454
8.509, 0.001999855, -0.6780767, -0.8969877, -11.08454
8.567, 0.05800056, -0.6827365, -0.9094284, -11.0865
8.57, 0.002999306, -0.6829753, -0.910051, -11.0865
8.573, 0.003000259, -0.6832121, -0.9106718, -11.0865
8.575, 0.001999855, -0.683369, -0.9110846, -11.0865
8.578, 0.003000259, -0.6836022, -0.9117018, -11.0865
8.643, 0.06499958, -0.6875673, -0.9245707, -11.07544
8.646, 0.003000259, -0.6877486, -0.9251411, -11.07544
8.648, 0.001999855, -0.6878687, -0.9255202, -11.07544
8.691, 0.04300022, -0.6901041, -0.9334477, -11.07544
8.694, 0.003000259, -0.6902586, -0.9339849, -11.07544
8.752, 0.05799961, -0.6924726, -0.9439527, -11.04333
8.755, 0.003000259, -0.6925859, -0.9444468, -11.04333
8.758, 0.003000259, -0.6926978, -0.9449388, -11.04333
8.824, 0.06599998, -0.6942984, -0.9552215, -11.015
8.826, 0.001999855, -0.6943465, -0.9555169, -11.015
8.894, 0.06799984, -0.6952107, -0.9649905, -10.97866
8.953, 0.05900002, -0.695447, -0.9723069, -10.93478
8.956, 0.003000259, -0.6954585, -0.9726564, -10.93478
8.958, 0.001999855, -0.695466, -0.9728882, -10.93478
8.961, 0.003000259, -0.6954769, -0.973234, -10.93478
8.963, 0.001999855, -0.6954839, -0.9734632, -10.93478
8.966, 0.002999306, -0.6954941, -0.9738055, -10.93478
8.968, 0.002000809, -0.6955006, -0.9740325, -10.93478
9.096, 0.1279993, -0.697463, -0.9865185, -11.00392
9.099, 0.003000259, -0.697508, -0.9867629, -11.00392
9.101, 0.001999855, -0.6975375, -0.9869246, -11.00392
9.103, 0.001999855, -0.6975665, -0.9870852, -11.00392
9.108, 0.005000114, -0.6976363, -0.9874826, -11.00392
9.167, 0.05900002, -0.6980721, -0.9917053, -11.00205
9.17, 0.003000259, -0.6980938, -0.9918969, -11.00205
9.172, 0.001999855, -0.6981081, -0.9920235, -11.00205
9.238, 0.06599998, -0.6977985, -0.9956424, -10.93519
9.241, 0.003000259, -0.6977842, -0.9957812, -10.93519
9.243, 0.001999855, -0.6977745, -0.9958725, -10.93519
9.245, 0.001999855, -0.6977648, -0.9959627, -10.93519
9.247, 0.001999855, -0.697755, -0.996052, -10.93519
9.249, 0.001999855, -0.6977451, -0.9961403, -10.93519
9.252, 0.003000259, -0.69773, -0.9962708, -10.93519
9.254, 0.001999855, -0.6977199, -0.9963565, -10.93519
9.256, 0.001999855, -0.6977097, -0.9964413, -10.93519
9.321, 0.06500053, -0.696236, -0.9986542, -10.80933
9.323, 0.001999855, -0.6961906, -0.9987055, -10.80933
9.325, 0.001999855, -0.6961452, -0.9987558, -10.80933
9.327, 0.001999855, -0.6960998, -0.9988051, -10.80933
9.33, 0.003000259, -0.6960316, -0.9988773, -10.80933
9.388, 0.05799961, -0.6936794, -0.9998309, -10.65581
9.393, 0.005000114, -0.6934764, -0.9998738, -10.65581
9.396, 0.003000259, -0.6933545, -0.9998964, -10.65581
9.399, 0.003000259, -0.6932326, -0.9999169, -10.65581
9.401, 0.001999855, -0.6931514, -0.9999293, -10.65581
9.467, 0.06599998, -0.6890722, -0.9997771, -10.49135
9.47, 0.003000259, -0.6888875, -0.9997444, -10.49135
9.472, 0.001999855, -0.6887647, -0.9997213, -10.49135
9.474, 0.001999855, -0.6886422, -0.9996972, -10.49135
9.532, 0.05799961, -0.6840816, -0.9985632, -10.29934
9.542, 0.01000023, -0.6833022, -0.9982828, -10.29934
9.544, 0.001999855, -0.6831467, -0.9982238, -10.29934
9.546, 0.001999855, -0.6829915, -0.9981638, -10.29934
9.549, 0.003000259, -0.6827595, -0.9980717, -10.29934
9.551, 0.001999855, -0.6826053, -0.9980091, -10.29934
9.553, 0.002000809, -0.6824514, -0.9979456, -10.29934
9.611, 0.05799961, -0.6770011, -0.9956682, -10.10057
9.614, 0.003000259, -0.6767201, -0.9955276, -10.10057
9.679, 0.06499958, -0.66952, -0.9919323, -9.915504
9.682, 0.003000259, -0.6691894, -0.991741, -9.915504
9.687, 0.005000114, -0.6686434, -0.9914172, -9.915504
9.689, 0.001999855, -0.6684258, -0.991286, -9.915504
9.692, 0.003000259, -0.6681011, -0.9910872, -9.915504
9.694, 0.001999855, -0.6678856, -0.9909535, -9.915504
9.696, 0.001999855, -0.6676709, -0.9908189, -9.915504
9.698, 0.001999855, -0.6674571, -0.9906833, -9.915504
9.7, 0.001999855, -0.6672441, -0.9905466, -9.915504
9.702, 0.001999855, -0.6670321, -0.9904089, -9.915504
9.764, 0.06200027, -0.6594595, -0.9856504, -9.676187
9.767, 0.003000259, -0.6590948, -0.9853962, -9.676187
9.77, 0.003000259, -0.6587319, -0.9851397, -9.676187
9.772, 0.001999855, -0.6584909, -0.9849673, -9.676187
9.775, 0.002999306, -0.6581312, -0.9847072, -9.676187
9.84, 0.06500053, -0.6494034, -0.978526, -9.45882
9.843, 0.003000259, -0.6490028, -0.9782158, -9.45882
9.845, 0.001999855, -0.6487368, -0.9780077, -9.45882
9.847, 0.001999855, -0.6484718, -0.9777987, -9.45882
9.849, 0.001999855, -0.6482079, -0.9775887, -9.45882
9.914, 0.06499958, -0.6388168, -0.9702316, -9.230536
9.916, 0.002000809, -0.6385288, -0.9699888, -9.230536
9.956, 0.03999996, -0.6332237, -0.9649323, -9.230536
10.015, 0.05900002, -0.6244811, -0.9567698, -8.938459
10.017, 0.001999855, -0.6241856, -0.9564785, -8.938459
10.02, 0.003000259, -0.6237444, -0.9560397, -8.938459
10.023, 0.002999306, -0.6233055, -0.9555988, -8.938459
10.025, 0.001999855, -0.6230138, -0.9553037, -8.938459
10.028, 0.003000259, -0.6225783, -0.9548593, -8.938459
10.093, 0.06500053, -0.6124875, -0.9447021, -8.736297
10.096, 0.002999306, -0.6120247, -0.9442092, -8.736297
10.098, 0.001999855, -0.6117173, -0.9438794, -8.736297
10.1, 0.002000809, -0.611411, -0.9435486, -8.736297
10.102, 0.001999855, -0.6111062, -0.9432169, -8.736297
10.167, 0.06499958, -0.6004, -0.931925, -8.482447
10.169, 0.001999855, -0.6000719, -0.931562, -8.482447
10.172, 0.003000259, -0.5995826, -0.9310154, -8.482447
10.229, 0.05700016, -0.5895806, -0.9202368, -8.209989
10.232, 0.003000259, -0.5890566, -0.9196487, -8.209989
10.235, 0.002999306, -0.5885353, -0.9190587, -8.209989
10.24, 0.005000114, -0.5876732, -0.9180705, -8.209989
10.243, 0.003000259, -0.5871586, -0.9174748, -8.209989
10.246, 0.003000259, -0.5866466, -0.916877, -8.209989
10.248, 0.001999855, -0.5863066, -0.9164774, -8.209989
10.251, 0.003000259, -0.5857993, -0.9158763, -8.209989
10.253, 0.001999855, -0.5854625, -0.9154744, -8.209989
10.256, 0.002999306, -0.58496, -0.9148699, -8.209989
10.322, 0.06599998, -0.5726367, -0.9010505, -7.903012
10.324, 0.002000809, -0.5722645, -0.9006161, -7.903012
10.327, 0.002999306, -0.5717099, -0.8999634, -7.903012
10.329, 0.002000809, -0.5713413, -0.8995268, -7.903012
10.331, 0.001999855, -0.5709744, -0.8990895, -7.903012
10.396, 0.06499958, -0.5577867, -0.8843899, -7.568364
10.398, 0.001999855, -0.5573824, -0.8839228, -7.568364
10.4, 0.001999855, -0.5569797, -0.8834547, -7.568364
10.402, 0.002000809, -0.5565784, -0.8829855, -7.568364
10.404, 0.001999855, -0.5561788, -0.8825157, -7.568364
10.462, 0.05799961, -0.5435539, -0.8685085, -7.217988
10.465, 0.003000259, -0.5429039, -0.8677639, -7.217988
10.471, 0.005999565, -0.5416161, -0.8662692, -7.217988
10.537, 0.06599998, -0.5261378, -0.8493145, -6.889569
10.54, 0.003000259, -0.5254383, -0.8485217, -6.889569
10.542, 0.001999855, -0.5249738, -0.8479921, -6.889569
10.544, 0.001999855, -0.5245112, -0.8474618, -6.889569
10.546, 0.001999855, -0.5240505, -0.8469305, -6.889569
10.548, 0.002000809, -0.5235914, -0.8463982, -6.889569
10.551, 0.002999306, -0.5229075, -0.8455986, -6.889569
10.553, 0.002000809, -0.5224532, -0.8450641, -6.889569
10.555, 0.001999855, -0.522001, -0.8445291, -6.889569
10.557, 0.001999855, -0.5215508, -0.8439932, -6.889569
10.622, 0.06499958, -0.5056663, -0.8261191, -6.499223
10.625, 0.003000259, -0.5049373, -0.8252729, -6.499223
10.627, 0.001999855, -0.5044532, -0.8247078, -6.499223
10.629, 0.001999855, -0.5039711, -0.8241419, -6.499223
10.631, 0.001999855, -0.5034907, -0.8235751, -6.499223
10.689, 0.05800056, -0.4885991, -0.806782, -6.116567
10.692, 0.003000259, -0.4878324, -0.8058948, -6.116567
10.694, 0.001999855, -0.487323, -0.8053023, -6.116567
10.7, 0.005999565, -0.48581, -0.8035202, -6.116567
10.703, 0.003000259, -0.4850573, -0.8026263, -6.116567
10.769, 0.06599998, -0.4672138, -0.7825089, -5.747007
10.771, 0.001999855, -0.4666752, -0.781886, -5.747007
10.773, 0.001999855, -0.4661388, -0.7812622, -5.747007
10.831, 0.05800056, -0.4497247, -0.7628342, -5.35339
10.834, 0.002999306, -0.44888, -0.7618637, -5.35339
10.837, 0.003000259, -0.4480392, -0.7608911, -5.35339
10.839, 0.001999855, -0.4474808, -0.7602419, -5.35339
10.842, 0.003000259, -0.4466472, -0.7592666, -5.35339
10.844, 0.001999855, -0.4460936, -0.7586154, -5.35339
10.847, 0.003000259, -0.4452674, -0.7576371, -5.35339
10.913, 0.06599998, -0.4259363, -0.7356902, -4.969554
10.916, 0.003000259, -0.4250627, -0.7346735, -4.969554
10.98, 0.06399918, -0.4055015, -0.7125917, -4.567435
10.982, 0.002000809, -0.4048923, -0.7118896, -4.567435
10.984, 0.001999855, -0.4042856, -0.7111869, -4.567435
10.986, 0.001999855, -0.4036814, -0.7104836, -4.567435
10.989, 0.003000259, -0.4027801, -0.7094272, -4.567435
11.028, 0.03899956, -0.3919708, -0.6955502, -4.567435
11.031, 0.003000259, -0.3911449, -0.6944715, -4.567435
11.033, 0.001999855, -0.390597, -0.6937517, -4.567435
11.035, 0.001999855, -0.3900516, -0.6930312, -4.567435
11.037, 0.001999855, -0.3895088, -0.69231, -4.567435
11.095, 0.05800056, -0.3725119, -0.6710953, -4.061076
11.098, 0.002999306, -0.3716369, -0.6699827, -4.061076
11.101, 0.003000259, -0.3707657, -0.6688683, -4.061076
11.103, 0.001999855, -0.3701868, -0.6681246, -4.061076
11.106, 0.003000259, -0.3693224, -0.6670077, -4.061076
11.172, 0.06599998, -0.3485705, -0.6420624, -3.625113
11.174, 0.001999855, -0.347944, -0.6412954, -3.625113
11.176, 0.001999855, -0.34732, -0.6405278, -3.625113
11.241, 0.06500053, -0.3255197, -0.6152359, -3.14783
11.243, 0.001999855, -0.3248515, -0.6144474, -3.14783
11.245, 0.001999855, -0.3241857, -0.6136581, -3.14783
11.247, 0.001999855, -0.3235225, -0.6128683, -3.14783
11.25, 0.003000259, -0.3225332, -0.6116822, -3.14783
11.254, 0.00399971, -0.3212245, -0.6100989, -3.14783
11.257, 0.003000259, -0.3202487, -0.6089096, -3.14783
11.316, 0.05900002, -0.299813, -0.5852475, -2.643181
11.382, 0.06599998, -0.2756111, -0.5581755, -2.215444
11.384, 0.001999855, -0.2748806, -0.5573456, -2.215444
11.386, 0.001999855, -0.2741529, -0.5565151, -2.215444
11.388, 0.001999855, -0.273428, -0.555684, -2.215444
11.391, 0.003000259, -0.272347, -0.5544363, -2.215444
11.455, 0.06400013, -0.2482061, -0.5275257, -1.724335
11.458, 0.003000259, -0.2470807, -0.5262506, -1.724335
11.46, 0.001999855, -0.2463333, -0.5254001, -1.724335
11.462, 0.001999855, -0.2455888, -0.524549, -1.724335
11.52, 0.05800056, -0.2232087, -0.4996417, -1.251373
11.523, 0.002999306, -0.222057, -0.498342, -1.251373
11.525, 0.001999855, -0.2212916, -0.4974749, -1.251373
11.591, 0.06599998, -0.1950908, -0.4685824, -0.8213877
11.593, 0.002000809, -0.1942996, -0.4676984, -0.8213877
11.595, 0.001999855, -0.1935118, -0.4668144, -0.8213877
11.598, 0.002999306, -0.1923373, -0.4654877, -0.8213877
11.603, 0.005000114, -0.1903989, -0.4632735, -0.8213877
11.605, 0.001999855, -0.1896268, -0.4623871, -0.8213877
11.607, 0.002000809, -0.1888574, -0.4614998, -0.8213877
11.673, 0.06599998, -0.1625662, -0.4319783, -0.3201711
11.731, 0.05799961, -0.1389008, -0.4056458, 0.1475972
11.734, 0.003000259, -0.1376827, -0.4042743, 0.1475972
11.737, 0.003000259, -0.1364708, -0.4029017, 0.1475972
11.739, 0.001999855, -0.1356657, -0.4019863, 0.1475972
11.742, 0.002999306, -0.1344646, -0.4006128, 0.1475972
11.807, 0.06500053, -0.1074012, -0.3706281, 0.6247206
11.81, 0.003000259, -0.106159, -0.3692344, 0.6247206
11.812, 0.001999855, -0.1053342, -0.368305, 0.6247206
11.814, 0.001999855, -0.1045126, -0.3673751, 0.6247206
11.872, 0.05799961, -0.07995344, -0.3402525, 1.130783
11.875, 0.003000259, -0.07868922, -0.3388415, 1.130783
11.877, 0.001999855, -0.07784934, -0.3379006, 1.130783
11.943, 0.06599998, -0.04922597, -0.3066633, 1.587572
11.945, 0.001999855, -0.048362, -0.3057113, 1.587572
11.947, 0.001999855, -0.04750137, -0.3047591, 1.587572
11.952, 0.005000114, -0.04537064, -0.302377, 1.587572
11.955, 0.003000259, -0.04409976, -0.3009468, 1.587572
11.957, 0.001999855, -0.04325607, -0.2999931, 1.587572
11.96, 0.003000259, -0.04199802, -0.2985617, 1.587572
12.024, 0.06400013, -0.01436572, -0.2678735, 2.114862
12.083, 0.05900002, 0.01173466, -0.2393392, 2.604885
12.085, 0.001999855, 0.01261637, -0.2383682, 2.604885
12.088, 0.003000259, 0.0139324, -0.2369111, 2.604885
12.09, 0.001999855, 0.01480657, -0.2359395, 2.604885
12.093, 0.003000259, 0.01611113, -0.2344814, 2.604885
12.158, 0.06499958, 0.04560056, -0.2027695, 3.137526
12.161, 0.003000259, 0.04695412, -0.2013002, 3.137526
12.163, 0.001999855, 0.04785294, -0.2003207, 3.137526
12.165, 0.001999855, 0.04874833, -0.1993409, 3.137526
12.23, 0.06499958, 0.07887156, -0.1673937, 3.688954
12.232, 0.002000809, 0.07979531, -0.1664074, 3.688954
12.234, 0.001999855, 0.08071512, -0.1654213, 3.688954
12.236, 0.001999855, 0.08163139, -0.1644351, 3.688954
12.239, 0.003000259, 0.08299807, -0.1629552, 3.688954
12.282, 0.04299927, 0.1009372, -0.1417069, 3.688954
12.285, 0.003000259, 0.1021806, -0.1402218, 3.688954
12.343, 0.05800056, 0.1272403, -0.111453, 4.301686
12.346, 0.002999306, 0.1285301, -0.1099626, 4.301686
12.412, 0.06599998, 0.1582437, -0.07710882, 4.802888
12.414, 0.001999855, 0.1591406, -0.07611183, 4.802888
12.417, 0.003000259, 0.1604784, -0.07461596, 4.802888
12.419, 0.001999855, 0.1613667, -0.0736188, 4.802888
12.484, 0.06500053, 0.1913487, -0.04117354, 5.371243
12.542, 0.05799961, 0.2187901, -0.01218508, 5.910214
12.545, 0.003000259, 0.2202025, -0.01068505, 5.910214
12.547, 0.001999855, 0.2211408, -0.009685175, 5.910214
12.55, 0.003000259, 0.2225411, -0.008185117, 5.910214
12.552, 0.001999855, 0.2234713, -0.007185214, 5.910214
12.618, 0.06599998, 0.2556973, 0.02581187, 6.497179
12.62, 0.001999855, 0.25667, 0.02681144, 6.497179
12.622, 0.001999855, 0.2576388, 0.02781099, 6.497179
12.68, 0.05800056, 0.286544, 0.05678432, 7.092785
12.683, 0.002999306, 0.2880312, 0.05828147, 7.092785
12.688, 0.005000114, 0.2904894, 0.0607771, 7.092785
12.691, 0.003000259, 0.2919566, 0.06227437, 7.092785
12.694, 0.003000259, 0.293416, 0.06377153, 7.092785
12.696, 0.001999855, 0.2943852, 0.06476939, 7.092785
12.699, 0.003000259, 0.2958312, 0.06626629, 7.092785
12.701, 0.001999855, 0.2967915, 0.06726398, 7.092785
12.704, 0.003000259, 0.298224, 0.06876064, 7.092785
12.707, 0.002999306, 0.2996478, 0.07025667, 7.092785
12.773, 0.06599998, 0.3316417, 0.1031309, 7.628449
12.776, 0.003000259, 0.3330873, 0.1046229, 7.628449
12.778, 0.001999855, 0.3340471, 0.1056173, 7.628449
12.78, 0.001999855, 0.3350029, 0.1066116, 7.628449
12.782, 0.001999855, 0.3359547, 0.1076058, 7.628449
12.847, 0.06500053, 0.3671088, 0.1398548, 8.147475
12.849, 0.001999855, 0.3680634, 0.1408448, 8.147475
12.851, 0.001999855, 0.3690142, 0.1418347, 8.147475
12.853, 0.001999855, 0.3699611, 0.1428245, 8.147475
12.855, 0.001999855, 0.3709042, 0.1438141, 8.147475
12.913, 0.05800056, 0.3981574, 0.1724484, 8.621776
12.916, 0.003000259, 0.3995594, 0.1739259, 8.621776
12.921, 0.004999161, 0.4018738, 0.1763868, 8.621776
12.991, 0.07000065, 0.433824, 0.2107233, 9.017311
12.994, 0.003000259, 0.4351842, 0.2121895, 9.017311
12.996, 0.001999855, 0.4360868, 0.2131665, 9.017311
12.998, 0.001999855, 0.4369854, 0.2141434, 9.017311
13.0, 0.001999855, 0.4378799, 0.21512, 9.017311
13.002, 0.001999855, 0.4387703, 0.2160964, 9.017311
13.004, 0.001999855, 0.4396566, 0.2170726, 9.017311
13.007, 0.003000259, 0.4409771, 0.2185367, 9.017311
13.009, 0.001999855, 0.4418531, 0.2195124, 9.017311
13.074, 0.06500053, 0.4695697, 0.2510984, 9.439809
13.076, 0.001999855, 0.4704188, 0.2520662, 9.439809
13.078, 0.001999855, 0.4712643, 0.2530337, 9.439809
13.08, 0.001999855, 0.4721061, 0.254001, 9.439809
13.082, 0.001999855, 0.4729443, 0.254968, 9.439809
13.14, 0.05800056, 0.4965301, 0.2828987, 9.791824
13.143, 0.002999306, 0.4977425, 0.2843367, 9.791824
13.146, 0.003000259, 0.498948, 0.2857746, 9.791824
13.148, 0.001999855, 0.4997482, 0.2867327, 9.791824
13.151, 0.003000259, 0.5009413, 0.2881695, 9.791824
13.22, 0.06900024, 0.5273025, 0.3210281, 10.09408
13.222, 0.001999855, 0.528063, 0.3219749, 10.09408
13.224, 0.001999855, 0.52882, 0.3229215, 10.09408
13.289, 0.06499958, 0.5523438, 0.3535042, 10.40487
13.292, 0.003000259, 0.5534223, 0.354907, 10.40487
13.294, 0.001999855, 0.5541379, 0.3558417, 10.40487
13.296, 0.001999855, 0.5548504, 0.356776, 10.40487
13.298, 0.002000809, 0.5555599, 0.3577104, 10.40487
13.3, 0.001999855, 0.5562658, 0.358644, 10.40487
13.302, 0.001999855, 0.5569685, 0.3595772, 10.40487
13.36, 0.05799961, 0.5764401, 0.3864824, 10.67962
13.426, 0.06599998, 0.5975053, 0.4167022, 10.90738
13.429, 0.003000259, 0.5984563, 0.4180654, 10.90738
13.431, 0.001999855, 0.5990872, 0.4189735, 10.90738
13.433, 0.001999855, 0.5997152, 0.4198813, 10.90738
13.435, 0.002000809, 0.6003406, 0.420789, 10.90738
13.5, 0.06499958, 0.6205595, 0.4500441, 11.2668
13.502, 0.001999855, 0.6211789, 0.4509368, 11.2668
13.504, 0.001999855, 0.6217956, 0.4518291, 11.2668
13.506, 0.001999855, 0.6224094, 0.4527209, 11.2668
13.549, 0.04300022, 0.634339, 0.4717854, 11.2668
13.608, 0.05900002, 0.6507303, 0.4975869, 11.62355
13.611, 0.003000259, 0.6515589, 0.4988876, 11.62355
13.677, 0.06599998, 0.6706247, 0.5272108, 11.99878
13.679, 0.001999855, 0.6712, 0.5280602, 11.99878
13.681, 0.001999855, 0.6717727, 0.528909, 11.99878
13.739, 0.05800056, 0.6890314, 0.5532951, 12.40746
13.742, 0.002999306, 0.689919, 0.5545437, 12.40746
13.744, 0.002000809, 0.6905089, 0.555376, 12.40746
13.747, 0.002999306, 0.6913882, 0.5566224, 12.40746
13.749, 0.001999855, 0.6919722, 0.5574528, 12.40746
13.752, 0.003000259, 0.6928432, 0.5586976, 12.40746
13.754, 0.001999855, 0.6934216, 0.5595266, 12.40746
13.821, 0.06700039, 0.7135077, 0.5869729, 12.77845
13.886, 0.06499958, 0.7333958, 0.6129704, 13.16119
13.888, 0.001999855, 0.734005, 0.6137601, 13.16119
13.89, 0.002000809, 0.7346118, 0.6145496, 13.16119
13.892, 0.001999855, 0.7352156, 0.6153381, 13.16119
13.895, 0.003000259, 0.7361152, 0.6165199, 13.16119
13.952, 0.05699921, 0.754031, 0.6387053, 13.63349
13.958, 0.006000519, 0.7558969, 0.641011, 13.63349
13.961, 0.003000259, 0.7568246, 0.6421618, 13.63349
13.964, 0.002999306, 0.7577467, 0.6433106, 13.63349
14.03, 0.06599998, 0.7786316, 0.6682207, 14.00253
14.032, 0.001999855, 0.7792615, 0.6689643, 14.00253
14.034, 0.002000809, 0.7798889, 0.6697075, 14.00253
14.099, 0.06499958, 0.8001613, 0.6934848, 14.35207
14.101, 0.001999855, 0.8007821, 0.6942049, 14.35207
14.103, 0.001999855, 0.8014, 0.6949243, 14.35207
14.106, 0.003000259, 0.8023204, 0.6960022, 14.35207
14.108, 0.001999855, 0.8029309, 0.6967198, 14.35207
14.11, 0.001999855, 0.8035385, 0.6974368, 14.35207
14.168, 0.05800056, 0.8203474, 0.7179236, 14.60265
14.234, 0.06599998, 0.8377296, 0.7405005, 14.73484
14.236, 0.001999855, 0.8382536, 0.7411722, 14.73484
14.238, 0.001999855, 0.8387748, 0.7418431, 14.73484
14.24, 0.001999855, 0.8392931, 0.7425132, 14.73484
14.243, 0.003000259, 0.8400646, 0.7435172, 14.73484
14.307, 0.06400013, 0.8549246, 0.7645319, 14.88772
14.31, 0.003000259, 0.8556157, 0.765498, 14.88772
14.315, 0.004999161, 0.8567518, 0.7671039, 14.88772
14.317, 0.002000809, 0.8572041, 0.7677453, 14.88772
14.376, 0.05900002, 0.8685302, 0.7863108, 14.90872
14.379, 0.002999306, 0.869101, 0.7872365, 14.90872
14.381, 0.001999855, 0.8694793, 0.7878527, 14.90872
14.447, 0.06599998, 0.878771, 0.8077435, 14.82349
14.449, 0.002000809, 0.8790508, 0.8083329, 14.82349
14.451, 0.001999855, 0.8793285, 0.8089212, 14.82349
14.454, 0.003000259, 0.8797411, 0.8098022, 14.82349
14.456, 0.001999855, 0.8800142, 0.8103885, 14.82349
14.458, 0.001999855, 0.8802855, 0.8109739, 14.82349
14.46, 0.001999855, 0.8805549, 0.8115585, 14.82349
14.518, 0.05799961, 0.8853757, 0.8281587, 14.60958
14.584, 0.06599998, 0.8866175, 0.8462008, 14.33843
14.587, 0.003000259, 0.8866717, 0.8469993, 14.33843
14.589, 0.001999855, 0.886707, 0.8475304, 14.33843
14.591, 0.001999855, 0.8867414, 0.8480607, 14.33843
14.593, 0.002000809, 0.8867748, 0.8485903, 14.33843
14.657, 0.06399918, 0.8844963, 0.8650824, 14.03936
14.66, 0.003000259, 0.8843885, 0.8658339, 14.03936
14.665, 0.005000114, 0.8842066, 0.867082, 14.03936
14.668, 0.003000259, 0.8840966, 0.8678284, 14.03936
14.726, 0.05799961, 0.8794709, 0.8818705, 13.70547
14.729, 0.003000259, 0.8792313, 0.8825768, 13.70547
14.731, 0.001999855, 0.8790713, 0.8830463, 13.70547
14.797, 0.06599998, 0.8711306, 0.8980493, 13.41479
14.799, 0.001999855, 0.8708906, 0.8984886, 13.41479
14.802, 0.003000259, 0.8705323, 0.8991463, 13.41479
14.804, 0.001999855, 0.8702943, 0.8995834, 13.41479
14.806, 0.001999855, 0.870057, 0.9000197, 13.41479
14.808, 0.001999855, 0.8698205, 0.9004551, 13.41479
14.81, 0.002000809, 0.8695847, 0.9008897, 13.41479
14.875, 0.06499958, 0.8605007, 0.914518, 13.1441
14.933, 0.05799961, 0.8521747, 0.9258635, 12.97734
14.936, 0.003000259, 0.8517465, 0.9264294, 12.97734
14.938, 0.001999855, 0.8514623, 0.9268053, 12.97734
14.941, 0.003000259, 0.8510386, 0.9273676, 12.97734
14.943, 0.001999855, 0.8507574, 0.9277412, 12.97734
15.009, 0.06599998, 0.8433647, 0.9395503, 13.04322
15.011, 0.001999855, 0.8431421, 0.9398922, 13.04322
15.054, 0.04300022, 0.8389998, 0.9470161, 13.04322
15.056, 0.001999855, 0.8388084, 0.9473368, 13.04322
15.122, 0.06599998, 0.8366827, 0.9573871, 13.36734
15.124, 0.001999855, 0.8366193, 0.9576754, 13.36734
15.126, 0.002000809, 0.836557, 0.9579628, 13.36734
15.128, 0.001999855, 0.8364957, 0.9582492, 13.36734
15.131, 0.002999306, 0.836406, 0.9586769, 13.36734
15.189, 0.05800056, 0.8389033, 0.9665232, 13.8726
15.191, 0.001999855, 0.8389906, 0.9667792, 13.8726
15.194, 0.003000259, 0.839124, 0.9671616, 13.8726
15.196, 0.001999855, 0.8392139, 0.9674152, 13.8726
15.199, 0.003000259, 0.8393513, 0.9677939, 13.8726
15.265, 0.06599998, 0.8486081, 0.9755732, 14.46929
15.267, 0.001999855, 0.8488883, 0.9757923, 14.46929
15.269, 0.001999855, 0.8491682, 0.9760105, 14.46929
15.335, 0.06599998, 0.8646923, 0.9826627, 15.23206
15.337, 0.001999855, 0.8651614, 0.9828476, 15.23206
15.339, 0.001999855, 0.8656292, 0.9830315, 15.23206
15.342, 0.003000259, 0.866328, 0.9833055, 15.23206
15.346, 0.00399971, 0.8672538, 0.9836675, 15.23206
15.349, 0.003000259, 0.8679449, 0.9839364, 15.23206
15.351, 0.001999855, 0.8684042, 0.9841145, 15.23206
15.354, 0.003000259, 0.8690895, 0.9843796, 15.23206
15.356, 0.001999855, 0.8695448, 0.9845551, 15.23206
15.358, 0.001999855, 0.8699985, 0.9847298, 15.23206
15.416, 0.05800056, 0.8867405, 0.9893636, 15.97021
15.419, 0.002999306, 0.8876032, 0.9895807, 15.97021
15.422, 0.003000259, 0.8884628, 0.9897955, 15.97021
15.424, 0.001999855, 0.8890344, 0.9899375, 15.97021
15.427, 0.003000259, 0.8898883, 0.9901487, 15.97021
15.492, 0.06499958, 0.9109332, 0.9941756, 16.47502
15.494, 0.002000809, 0.9115783, 0.9942829, 16.47502
15.497, 0.002999306, 0.9125389, 0.9944421, 16.47502
15.499, 0.001999855, 0.9131767, 0.9945468, 16.47502
15.501, 0.002000809, 0.9138119, 0.9946507, 16.47502
15.559, 0.05799961, 0.9320137, 0.9972276, 16.80077
15.562, 0.003000259, 0.932949, 0.997338, 16.80077
15.564, 0.001999855, 0.9335695, 0.9974104, 16.80077
15.63, 0.06599998, 0.9508812, 0.9992403, 16.79438
15.636, 0.005999565, 0.9524273, 0.9993526, 16.79438
15.638, 0.001999855, 0.9529396, 0.9993881, 16.79438
15.641, 0.003000259, 0.9537012, 0.9994396, 16.79438
15.643, 0.001999855, 0.9542058, 0.9994725, 16.79438
15.645, 0.002000809, 0.9547075, 0.9995046, 16.79438
15.647, 0.001999855, 0.955206, 0.9995356, 16.79438
15.649, 0.001999855, 0.9557014, 0.9995655, 16.79438
15.651, 0.001999855, 0.9561937, 0.9995945, 16.79438
15.653, 0.001999855, 0.9566831, 0.9996224, 16.79438
15.721, 0.06799984, 0.965292, 0.9999787, 16.30842
15.723, 0.001999855, 0.9655429, 0.9999717, 16.30842
15.725, 0.002000809, 0.9657915, 0.9999637, 16.30842
15.727, 0.001999855, 0.9660378, 0.9999547, 16.30842
15.73, 0.002999306, 0.966402, 0.9999393, 16.30842
15.787, 0.05700016, 0.9648641, 0.9992192, 15.28768
15.79, 0.003000259, 0.9647764, 0.9991589, 15.28768
15.793, 0.003000259, 0.9646825, 0.9990962, 15.28768
15.795, 0.001999855, 0.9646171, 0.9990532, 15.28768
15.798, 0.003000259, 0.964513, 0.9989869, 15.28768
15.863, 0.06499958, 0.9480158, 0.996997, 13.91903
15.868, 0.005000114, 0.9467463, 0.9968003, 13.91903
15.871, 0.003000259, 0.9459849, 0.9966792, 13.91903
15.873, 0.001999855, 0.9454776, 0.9965973, 13.91903
15.938, 0.06499958, 0.9125456, 0.9933928, 11.93365
15.941, 0.003000259, 0.9110315, 0.9932195, 11.93365
15.943, 0.001999855, 0.9100252, 0.9931026, 11.93365
15.945, 0.001999855, 0.9090218, 0.992985, 11.93365
15.947, 0.001999855, 0.9080213, 0.9928662, 11.93365
15.949, 0.002000809, 0.9070233, 0.9927464, 11.93365
15.951, 0.001999855, 0.906029, 0.9926257, 11.93365
16.009, 0.05800056, 0.8648115, 0.9886934, 9.697486
16.075, 0.06599998, 0.8050288, 0.9832077, 7.821284
16.078, 0.002998352, 0.8023311, 0.9829329, 7.821284
16.08, 0.002000809, 0.8005391, 0.9827484, 7.821284
16.082, 0.002000809, 0.7987552, 0.9825629, 7.821284
16.084, 0.001998901, 0.7969812, 0.9823766, 7.821284
16.149, 0.06500053, 0.7339745, 0.9757842, 6.168889
16.151, 0.001998901, 0.7320456, 0.9755651, 6.168889
16.154, 0.003000259, 0.7291699, 0.9752344, 6.168889
16.156, 0.002000809, 0.727261, 0.9750126, 6.168889
16.196, 0.03999901, 0.6925869, 0.9703752, 6.168889
16.255, 0.05900002, 0.6451027, 0.9628266, 5.648177
16.258, 0.003000259, 0.642704, 0.9624203, 5.648177
16.324, 0.06599998, 0.5984845, 0.9529363, 5.743505
16.326, 0.002000809, 0.5971503, 0.9526325, 5.743505
16.328, 0.001998901, 0.5958239, 0.9523281, 5.743505
16.33, 0.002000809, 0.5945025, 0.9520225, 5.743505
16.451, 0.1210003, 0.5492367, 0.9317772, 6.126343
16.454, 0.003000259, 0.5481141, 0.9312316, 6.126343
16.457, 0.003000259, 0.5469916, 0.9306838, 6.126343
16.459, 0.001998901, 0.546244, 0.9303177, 6.126343
16.462, 0.003000259, 0.5451226, 0.9297666, 6.126343
16.528, 0.06599998, 0.5350619, 0.9171135, 7.74923
16.53, 0.002000809, 0.5347603, 0.9167143, 7.74923
16.588, 0.05799866, 0.5381494, 0.904744, 9.132563
16.59, 0.002000809, 0.5382701, 0.9043174, 9.132563
16.593, 0.003000259, 0.5384594, 0.903676, 9.132563
16.596, 0.003000259, 0.5386567, 0.9030327, 9.132563
16.598, 0.001998901, 0.5387914, 0.9026029, 9.132563
16.601, 0.003000259, 0.539001, 0.9019561, 9.132563
16.606, 0.005001068, 0.5393699, 0.9008735, 9.132563
16.609, 0.002998352, 0.5395975, 0.9002216, 9.132563
16.612, 0.003000259, 0.5398314, 0.8995675, 9.132563
16.614, 0.002000809, 0.53999, 0.8991301, 9.132563
16.68, 0.06599998, 0.5606895, 0.8841997, 10.59179
16.682, 0.001998901, 0.5613161, 0.8837324, 10.59179
16.685, 0.003000259, 0.5622558, 0.8830293, 10.59179
16.687, 0.002000809, 0.5628819, 0.8825594, 10.59179
16.689, 0.001998901, 0.5635069, 0.8820889, 10.59179
16.753, 0.06400108, 0.5959715, 0.866565, 12.19049
16.756, 0.003000259, 0.5974879, 0.8658154, 12.19049
16.758, 0.001998901, 0.5984957, 0.8653149, 12.19049
16.76, 0.002000809, 0.5995018, 0.864813, 12.19049
16.818, 0.05800056, 0.635364, 0.8498905, 13.51773
16.821, 0.002998352, 0.6372108, 0.8490996, 13.51773
16.823, 0.002000809, 0.6384398, 0.8485708, 13.51773
16.889, 0.06599998, 0.6821458, 0.8306522, 14.29873
16.891, 0.002000809, 0.683465, 0.8300948, 14.29873
16.893, 0.001998901, 0.6847773, 0.8295371, 14.29873
16.895, 0.002000809, 0.6860851, 0.828978, 14.29873
16.9, 0.004999161, 0.6893168, 0.8275774, 14.29873
16.903, 0.003000259, 0.6912433, 0.8267344, 14.29873
16.905, 0.002000809, 0.6925221, 0.8261711, 14.29873
16.907, 0.001998901, 0.693794, 0.8256076, 14.29873
16.91, 0.003000259, 0.6956899, 0.8247602, 14.29873
16.975, 0.06500053, 0.7317003, 0.8059496, 14.43208
16.977, 0.001998901, 0.7328022, 0.8053576, 14.43208
16.979, 0.002000809, 0.7338997, 0.8047642, 14.43208
16.981, 0.002000809, 0.7349917, 0.8041698, 14.43208
16.983, 0.001998901, 0.7360772, 0.8035754, 14.43208
17.08, 0.09700012, 0.7629519, 0.7737744, 13.74774
17.083, 0.003000259, 0.7637817, 0.7728232, 13.74774
17.086, 0.003000259, 0.7646098, 0.7718704, 13.74774
17.088, 0.001998901, 0.7651607, 0.7712345, 13.74774
17.091, 0.003000259, 0.7659855, 0.7702787, 13.74774
17.157, 0.06599998, 0.7633265, 0.7488189, 11.4822
17.159, 0.002000809, 0.7632427, 0.7481554, 11.4822
17.161, 0.001998901, 0.763156, 0.7474919, 11.4822
17.163, 0.002000809, 0.7630662, 0.746827, 11.4822
17.228, 0.06500053, 0.7333268, 0.7248231, 8.667466
17.233, 0.004999161, 0.7310385, 0.7230988, 8.667466
17.236, 0.003000259, 0.7296655, 0.7220618, 8.667466
17.294, 0.05800056, 0.6785838, 0.7016978, 4.977644
17.297, 0.003000259, 0.675945, 0.7006282, 4.977644
17.3, 0.002998352, 0.673312, 0.6995577, 4.977644
17.302, 0.002000809, 0.6715572, 0.6988425, 4.977644
17.305, 0.003000259, 0.668931, 0.6977687, 4.977644
17.307, 0.001998901, 0.6671838, 0.6970524, 4.977644
17.31, 0.003000259, 0.6645676, 0.695976, 4.977644
17.376, 0.06599998, 0.5790889, 0.6719053, 1.400945
17.434, 0.05800056, 0.4920051, 0.6501471, -1.829619
17.444, 0.01000023, 0.4772526, 0.6463398, -1.829619
17.446, 0.001998901, 0.4743145, 0.6455769, -1.829619
17.448, 0.002000809, 0.4713841, 0.6448126, -1.829619
17.45, 0.002000809, 0.4684646, 0.6440476, -1.829619
17.508, 0.05799866, 0.3816741, 0.6215959, -3.491872
17.511, 0.003000259, 0.3772088, 0.62042, -3.491872
17.514, 0.003000259, 0.3727681, 0.6192429, -3.491872
17.516, 0.002000809, 0.3698176, 0.618457, -3.491872
17.582, 0.06599998, 0.278661, 0.5921929, -4.147465
17.621, 0.03899956, 0.2289268, 0.5763685, -4.147465
17.623, 0.001998901, 0.2263878, 0.5755515, -4.147465
17.626, 0.003000259, 0.2225999, 0.5743241, -4.147465
17.628, 0.002000809, 0.2200839, 0.5735048, -4.147465
17.63, 0.001998901, 0.2175805, 0.5726858, -4.147465
17.632, 0.002000809, 0.2150848, 0.5718654, -4.147465
17.69, 0.05800056, 0.152907, 0.547838, -3.898361
17.693, 0.003000259, 0.1497104, 0.5465823, -3.898361
17.696, 0.002998352, 0.1465356, 0.5453263, -3.898361
17.698, 0.002000809, 0.1444257, 0.5444875, -3.898361
17.764, 0.06599998, 0.08891594, 0.5165167, -3.373083
17.766, 0.002000809, 0.0872401, 0.5156599, -3.373083
17.768, 0.001998901, 0.08557281, 0.5148033, -3.373083
17.77, 0.002000809, 0.08391088, 0.5139453, -3.373083
17.835, 0.06499863, 0.04346958, 0.4858002, -2.638247
17.837, 0.002000809, 0.04223058, 0.4849255, -2.638247
17.839, 0.002000809, 0.04099742, 0.4840504, -2.638247
17.842, 0.002998352, 0.03916258, 0.4827381, -2.638247
17.844, 0.002000809, 0.03794399, 0.4818617, -2.638247
17.849, 0.005001068, 0.03493439, 0.479669, -2.638247
17.851, 0.001998901, 0.03373722, 0.4787918, -2.638247
17.91, 0.05900002, 0.009012445, 0.4526884, -1.832239
17.913, 0.003000259, 0.007767363, 0.4513503, -1.832239
17.978, 0.06500053, -0.007174294, 0.4221155, -1.0786
17.981, 0.003000259, -0.007855899, 0.4207551, -1.0786
17.983, 0.001998901, -0.00830649, 0.4198482, -1.0786
17.985, 0.002000809, -0.008754015, 0.41894, -1.0786
17.987, 0.001998901, -0.009197659, 0.4180323, -1.0786
17.989, 0.002000809, -0.009638299, 0.4171233, -1.0786
17.991, 0.001998901, -0.01007513, 0.4162148, -1.0786
17.993, 0.002000809, -0.01050902, 0.4153049, -1.0786
17.996, 0.003000259, -0.01115218, 0.4139399, -1.0786
17.998, 0.001998901, -0.0115774, 0.4130298, -1.0786
18.0, 0.002000809, -0.01199978, 0.4121185, -1.0786
18.071, 0.07099915, -0.01495761, 0.3795209, -0.2867631
18.073, 0.002000809, -0.01503945, 0.3785951, -0.2867631
18.075, 0.002000809, -0.01511981, 0.377669, -0.2867631
18.077, 0.001998901, -0.01519863, 0.3767434, -0.2867631
18.082, 0.005001068, -0.01538689, 0.374426, -0.2867631
18.141, 0.05900002, -0.01099526, 0.3469129, 0.4920785
18.144, 0.002998352, -0.01076837, 0.3455065, 0.4920785
18.146, 0.002000809, -0.0106154, 0.3445675, 0.4920785
18.149, 0.003000259, -0.01038264, 0.3431588, 0.4920785
18.151, 0.001998901, -0.01022614, 0.3422199, 0.4920785
18.217, 0.06599998, 0.0006266469, 0.3110318, 0.9735618
18.22, 0.003000259, 0.001119229, 0.3096057, 0.9735618
18.222, 0.002000809, 0.001447332, 0.3086543, 0.9735618
18.287, 0.06500053, 0.01423246, 0.2775833, 1.277383
18.289, 0.001998901, 0.01462447, 0.276623, 1.277383
18.291, 0.002000809, 0.01501567, 0.2756615, 1.277383
18.293, 0.001998901, 0.01540531, 0.2747006, 1.277383
18.296, 0.003000259, 0.0159874, 0.2732579, 1.277383
18.298, 0.002000809, 0.01637434, 0.2722954, 1.277383
18.3, 0.001998901, 0.01675966, 0.2713336, 1.277383
18.302, 0.002000809, 0.01714408, 0.2703706, 1.277383
18.304, 0.002000809, 0.01752722, 0.2694073, 1.277383
18.306, 0.001998901, 0.0179087, 0.2684447, 1.277383
18.368, 0.06200027, 0.02717545, 0.2384582, 1.107302
18.37, 0.002000809, 0.02747278, 0.2374866, 1.107302
18.373, 0.002998352, 0.02791453, 0.23603, 1.107302
18.376, 0.003000259, 0.02835274, 0.234572, 1.107302
18.378, 0.002000809, 0.02864329, 0.2335994, 1.107302
18.444, 0.06599998, 0.03097053, 0.201391, 0.4838032
18.446, 0.001998901, 0.03103947, 0.200412, 0.4838032
18.448, 0.002000809, 0.03110695, 0.1994318, 0.4838032
18.451, 0.003000259, 0.0312048, 0.1979616, 0.4838032
18.453, 0.001998901, 0.03126854, 0.1969818, 0.4838032
18.517, 0.06400108, 0.02235818, 0.1655127, -0.6756135
18.52, 0.003000259, 0.02193758, 0.1640331, -0.6756135
18.522, 0.001998901, 0.02165617, 0.1630471, -0.6756135
18.58, 0.05800056, 0.001815729, 0.1343704, -2.269947
18.583, 0.003000259, 0.0007865942, 0.1328837, -2.269947
18.585, 0.001998901, 9.985862e-05, 0.131893, -2.269947
18.588, 0.003000259, -0.000933089, 0.1304059, -2.269947
18.59, 0.002000809, -0.001622751, 0.1294139, -2.269947
18.593, 0.003000259, -0.002658505, 0.1279262, -2.269947
18.633, 0.03999901, -0.01668896, 0.1080668, -2.269947
18.636, 0.003000259, -0.01773816, 0.1065753, -2.269947
18.639, 0.003000259, -0.01878402, 0.1050836, -2.269947
18.641, 0.002000809, -0.01947993, 0.1040887, -2.269947
18.707, 0.06599998, -0.05964632, 0.07121727, -4.445343
18.71, 0.002998352, -0.06146426, 0.06972182, -4.445343
18.712, 0.002000809, -0.06267424, 0.06872381, -4.445343
18.714, 0.002000809, -0.06388104, 0.06772573, -4.445343
18.716, 0.001998901, -0.06508345, 0.06672854, -4.445343
18.774, 0.05800056, -0.1116748, 0.0377689, -6.596526
18.777, 0.003000259, -0.114078, 0.0362698, -6.596526
18.843, 0.06599998, -0.177696, 0.003277758, -8.234762
18.845, 0.001998901, -0.1796154, 0.002278317, -8.234762
18.848, 0.003000259, -0.1824798, 0.000778187, -8.234762
18.85, 0.002000809, -0.1843825, -0.0002222043, -8.234762
18.914, 0.06399918, -0.2489607, -0.03221623, -9.612934
18.916, 0.002000809, -0.2509719, -0.03321609, -9.612934
18.919, 0.003000259, -0.2539704, -0.03471534, -9.612934
18.921, 0.001998901, -0.2559604, -0.03571418, -9.612934
18.982, 0.06100082, -0.3153374, -0.0661738, -10.39949
18.985, 0.003000259, -0.3182411, -0.06767056, -10.39949
18.988, 0.003000259, -0.321128, -0.06916718, -10.39949
18.99, 0.001998901, -0.3230439, -0.07016421, -10.39949
18.993, 0.003000259, -0.3259027, -0.07166057, -10.39949
18.995, 0.002000809, -0.3278017, -0.07265837, -10.39949
18.998, 0.002998352, -0.3306305, -0.07415349, -10.39949
19.063, 0.06500053, -0.3866308, -0.1065194, -10.71184
19.066, 0.003000259, -0.3891994, -0.1080109, -10.71184
19.13, 0.06399918, -0.4371099, -0.1397625, -10.77292
19.133, 0.003000259, -0.4393412, -0.1412478, -10.77292
19.135, 0.002000809, -0.4408226, -0.1422381, -10.77292
19.137, 0.001998901, -0.442296, -0.1432273, -10.77292
19.139, 0.002000809, -0.4437642, -0.1442173, -10.77292
19.141, 0.002000809, -0.4452259, -0.1452072, -10.77292
19.143, 0.001998901, -0.4466796, -0.146196, -10.77292
19.146, 0.003000259, -0.4488468, -0.1476798, -10.77292
19.148, 0.002000809, -0.4502855, -0.1486692, -10.77292
19.153, 0.004999161, -0.4538391, -0.1511405, -10.77292
19.214, 0.06100082, -0.4902785, -0.1812156, -10.66165
19.217, 0.002998352, -0.4920567, -0.1826898, -10.66165
19.22, 0.003000259, -0.493823, -0.1841644, -10.66165
19.222, 0.002000809, -0.4949951, -0.1851476, -10.66165
19.225, 0.003000259, -0.4967398, -0.1866216, -10.66165
19.29, 0.06500053, -0.5267029, -0.2184467, -10.45036
19.293, 0.002998352, -0.5280744, -0.2199095, -10.45036
19.295, 0.002000809, -0.5289848, -0.2208853, -10.45036
19.297, 0.002000809, -0.5298905, -0.2218608, -10.45036
19.299, 0.001998901, -0.5307906, -0.2228353, -10.45036
19.364, 0.06500053, -0.5527369, -0.2543951, -10.1734
19.366, 0.001998901, -0.553408, -0.2553616, -10.1734
19.369, 0.003000259, -0.5544065, -0.2568117, -10.1734
19.427, 0.05800056, -0.5685538, -0.2847274, -9.885293
19.429, 0.002000809, -0.5690384, -0.2856863, -9.885293
19.432, 0.002998352, -0.569757, -0.2871226, -9.885293
19.434, 0.002000809, -0.5702332, -0.2880807, -9.885293
19.437, 0.003000259, -0.5709396, -0.289517, -9.885293
19.442, 0.004999161, -0.5720963, -0.2919086, -9.885293
19.445, 0.003000259, -0.5727831, -0.2933431, -9.885293
19.448, 0.003000259, -0.5734627, -0.2947769, -9.885293
19.451, 0.003000259, -0.5741352, -0.29621, -9.885293
19.453, 0.001998901, -0.5745801, -0.2971645, -9.885293
19.456, 0.003000259, -0.5752408, -0.2985965, -9.885293
19.522, 0.06599998, -0.5844309, -0.3299227, -9.658367
19.524, 0.002000809, -0.5847075, -0.3308669, -9.658367
19.526, 0.001998901, -0.5849817, -0.3318099, -9.658367
19.529, 0.003000259, -0.5853887, -0.3332247, -9.658367
19.531, 0.002000809, -0.5856581, -0.3341677, -9.658367
19.595, 0.06399918, -0.5907002, -0.3641516, -9.471212
19.598, 0.003000259, -0.5909335, -0.3655483, -9.471212
19.6, 0.002000809, -0.5910876, -0.3664793, -9.471212
19.602, 0.001998901, -0.5912402, -0.367409, -9.471212
19.604, 0.002000809, -0.5913916, -0.3683393, -9.471212
19.662, 0.05800056, -0.5942655, -0.395142, -9.414264
19.665, 0.003000259, -0.5944121, -0.3965195, -9.414264
19.668, 0.002998352, -0.5945566, -0.3978954, -9.414264
19.771, 0.1030006, -0.6019862, -0.4445949, -9.640719
19.773, 0.002000809, -0.6021294, -0.4454908, -9.640719
19.776, 0.002998352, -0.6023411, -0.4468325, -9.640719
19.778, 0.002000809, -0.6024811, -0.4477273, -9.640719
19.78, 0.002000809, -0.60262, -0.4486216, -9.640719
19.782, 0.001998901, -0.6027575, -0.4495145, -9.640719
19.784, 0.002000809, -0.6028941, -0.4504079, -9.640719
19.842, 0.05799866, -0.6089382, -0.4761062, -10.09513
19.852, 0.01000023, -0.6099781, -0.4804973, -10.09513
19.855, 0.003000259, -0.6102896, -0.4818124, -10.09513
19.913, 0.05800056, -0.619553, -0.5070184, -10.60812
19.916, 0.003000259, -0.6200318, -0.5083108, -10.60812
19.918, 0.001998901, -0.6203506, -0.5091713, -10.60812
19.921, 0.003000259, -0.6208286, -0.5104618, -10.60812
19.923, 0.002000809, -0.6211471, -0.5113218, -10.60812
19.989, 0.06599998, -0.6367941, -0.5393981, -11.24094
19.991, 0.001998901, -0.6372667, -0.5402394, -11.24094
19.993, 0.002000809, -0.6377385, -0.541081, -11.24094
19.998, 0.004999161, -0.6389086, -0.5431814, -11.24094
20.001, 0.003000259, -0.6396075, -0.5444403, -11.24094
20.003, 0.002000809, -0.6400723, -0.5452792, -11.24094
20.062, 0.05900002, -0.6579562, -0.569767, -12.02899
20.065, 0.003000259, -0.6588629, -0.5709991, -12.02899
